   0.0000000000000000        2.5000000000000004     
   1.2500000000000000E-003   2.5000000000000004     
   2.5000000000000001E-003   2.5000000000000004     
   3.7499999999999999E-003   2.5000000000000004     
   5.0000000000000001E-003   2.5000000000000004     
   6.2500000000000003E-003   2.5000000000000004     
   7.4999999999999997E-003   2.5000000000000004     
   8.7500000000000008E-003   2.5000000000000004     
   1.0000000000000000E-002   2.5000000000000004     
   1.1250000000000000E-002   2.5000000000000004     
   1.2500000000000001E-002   2.5000000000000004     
   1.3750000000000000E-002   2.5000000000000004     
   1.4999999999999999E-002   2.5000000000000004     
   1.6250000000000001E-002   2.5000000000000004     
   1.7500000000000002E-002   2.5000000000000004     
   1.8749999999999999E-002   2.5000000000000004     
   2.0000000000000000E-002   2.5000000000000004     
   2.1250000000000002E-002   2.5000000000000004     
   2.2499999999999999E-002   2.5000000000000004     
   2.3750000000000000E-002   2.5000000000000004     
   2.5000000000000001E-002   2.5000000000000004     
   2.6249999999999999E-002   2.5000000000000004     
   2.7500000000000000E-002   2.5000000000000004     
   2.8750000000000001E-002   2.5000000000000004     
   2.9999999999999999E-002   2.5000000000000004     
   3.1250000000000000E-002   2.5000000000000004     
   3.2500000000000001E-002   2.5000000000000004     
   3.3750000000000002E-002   2.5000000000000004     
   3.5000000000000003E-002   2.5000000000000004     
   3.6249999999999998E-002   2.5000000000000004     
   3.7499999999999999E-002   2.5000000000000004     
   3.8750000000000000E-002   2.5000000000000004     
   4.0000000000000001E-002   2.5000000000000004     
   4.1250000000000002E-002   2.5000000000000004     
   4.2500000000000003E-002   2.5000000000000004     
   4.3750000000000004E-002   2.5000000000000004     
   4.4999999999999998E-002   2.5000000000000004     
   4.6249999999999999E-002   2.5000000000000004     
   4.7500000000000001E-002   2.5000000000000004     
   4.8750000000000002E-002   2.5000000000000004     
   5.0000000000000003E-002   2.5000000000000004     
   5.1250000000000004E-002   2.5000000000000004     
   5.2499999999999998E-002   2.5000000000000004     
   5.3749999999999999E-002   2.5000000000000004     
   5.5000000000000000E-002   2.5000000000000004     
   5.6250000000000001E-002   2.5000000000000004     
   5.7500000000000002E-002   2.5000000000000004     
   5.8750000000000004E-002   2.5000000000000004     
   5.9999999999999998E-002   2.5000000000000004     
   6.1249999999999999E-002   2.5000000000000004     
   6.2500000000000000E-002   2.5000000000000004     
   6.3750000000000001E-002   2.5000000000000004     
   6.5000000000000002E-002   2.5000000000000004     
   6.6250000000000003E-002   2.5000000000000004     
   6.7500000000000004E-002   2.5000000000000004     
   6.8750000000000006E-002   2.5000000000000004     
   7.0000000000000007E-002   2.5000000000000004     
   7.1250000000000008E-002   2.5000000000000004     
   7.2499999999999995E-002   2.5000000000000004     
   7.3749999999999996E-002   2.5000000000000004     
   7.4999999999999997E-002   2.5000000000000004     
   7.6249999999999998E-002   2.5000000000000004     
   7.7499999999999999E-002   2.5000000000000004     
   7.8750000000000001E-002   2.5000000000000004     
   8.0000000000000002E-002   2.5000000000000004     
   8.1250000000000003E-002   2.5000000000000004     
   8.2500000000000004E-002   2.5000000000000004     
   8.3750000000000005E-002   2.5000000000000004     
   8.5000000000000006E-002   2.5000000000000004     
   8.6250000000000007E-002   2.5000000000000004     
   8.7500000000000008E-002   2.5000000000000004     
   8.8749999999999996E-002   2.5000000000000004     
   8.9999999999999997E-002   2.5000000000000004     
   9.1249999999999998E-002   2.5000000000000004     
   9.2499999999999999E-002   2.5000000000000004     
   9.3750000000000000E-002   2.5000000000000004     
   9.5000000000000001E-002   2.5000000000000004     
   9.6250000000000002E-002   2.5000000000000004     
   9.7500000000000003E-002   2.5000000000000004     
   9.8750000000000004E-002   2.5000000000000004     
  0.10000000000000001        2.5000000000000004     
  0.10125000000000001        2.5000000000000004     
  0.10250000000000001        2.5000000000000004     
  0.10375000000000001        2.5000000000000004     
  0.10500000000000000        2.5000000000000004     
  0.10625000000000000        2.5000000000000004     
  0.10750000000000000        2.5000000000000004     
  0.10875000000000000        2.5000000000000004     
  0.11000000000000000        2.5000000000000004     
  0.11125000000000000        2.5000000000000004     
  0.11250000000000000        2.5000000000000004     
  0.11375000000000000        2.5000000000000004     
  0.11500000000000000        2.5000000000000004     
  0.11625000000000001        2.5000000000000004     
  0.11750000000000001        2.5000000000000004     
  0.11875000000000001        2.5000000000000004     
  0.12000000000000000        2.5000000000000004     
  0.12125000000000000        2.5000000000000004     
  0.12250000000000000        2.5000000000000004     
  0.12375000000000000        2.5000000000000004     
  0.12500000000000000        2.5000000000000004     
  0.12625000000000000        2.5000000000000004     
  0.12750000000000000        2.5000000000000004     
  0.12875000000000000        2.5000000000000004     
  0.13000000000000000        2.5000000000000004     
  0.13125000000000001        2.5000000000000004     
  0.13250000000000001        2.5000000000000004     
  0.13375000000000001        2.5000000000000004     
  0.13500000000000001        2.5000000000000004     
  0.13625000000000001        2.5000000000000004     
  0.13750000000000001        2.5000000000000004     
  0.13875000000000001        2.5000000000000004     
  0.14000000000000001        2.5000000000000004     
  0.14125000000000001        2.5000000000000004     
  0.14250000000000002        2.5000000000000004     
  0.14375000000000002        2.5000000000000004     
  0.14499999999999999        2.5000000000000004     
  0.14624999999999999        2.5000000000000004     
  0.14749999999999999        2.5000000000000004     
  0.14874999999999999        2.5000000000000004     
  0.14999999999999999        2.5000000000000004     
  0.15125000000000000        2.5000000000000004     
  0.15250000000000000        2.5000000000000004     
  0.15375000000000000        2.5000000000000004     
  0.15500000000000000        2.5000000000000004     
  0.15625000000000000        2.5000000000000004     
  0.15750000000000000        2.5000000000000004     
  0.15875000000000000        2.5000000000000004     
  0.16000000000000000        2.5000000000000004     
  0.16125000000000000        2.5000000000000004     
  0.16250000000000001        2.5000000000000004     
  0.16375000000000001        2.5000000000000004     
  0.16500000000000001        2.5000000000000004     
  0.16625000000000001        2.5000000000000004     
  0.16750000000000001        2.5000000000000004     
  0.16875000000000001        2.5000000000000004     
  0.17000000000000001        2.5000000000000004     
  0.17125000000000001        2.5000000000000004     
  0.17250000000000001        2.5000000000000004     
  0.17375000000000002        2.5000000000000004     
  0.17500000000000002        2.5000000000000004     
  0.17624999999999999        2.5000000000000004     
  0.17749999999999999        2.5000000000000004     
  0.17874999999999999        2.5000000000000004     
  0.17999999999999999        2.5000000000000004     
  0.18124999999999999        2.5000000000000004     
  0.18250000000000000        2.5000000000000004     
  0.18375000000000000        2.5000000000000004     
  0.18500000000000000        2.5000000000000004     
  0.18625000000000000        2.5000000000000004     
  0.18750000000000000        2.5000000000000004     
  0.18875000000000000        2.5000000000000004     
  0.19000000000000000        2.5000000000000004     
  0.19125000000000000        2.5000000000000004     
  0.19250000000000000        2.5000000000000004     
  0.19375000000000001        2.5000000000000004     
  0.19500000000000001        2.5000000000000004     
  0.19625000000000001        2.5000000000000004     
  0.19750000000000001        2.5000000000000004     
  0.19875000000000001        2.5000000000000004     
  0.20000000000000001        2.5000000000000004     
  0.20125000000000001        2.5000000000000004     
  0.20250000000000001        2.5000000000000004     
  0.20375000000000001        2.5000000000000004     
  0.20500000000000002        2.5000000000000004     
  0.20625000000000002        2.5000000000000004     
  0.20750000000000002        2.5000000000000004     
  0.20874999999999999        2.5000000000000004     
  0.20999999999999999        2.5000000000000004     
  0.21124999999999999        2.5000000000000004     
  0.21249999999999999        2.5000000000000004     
  0.21375000000000000        2.5000000000000004     
  0.21500000000000000        2.5000000000000004     
  0.21625000000000000        2.5000000000000004     
  0.21750000000000000        2.5000000000000004     
  0.21875000000000000        2.5000000000000004     
  0.22000000000000000        2.5000000000000004     
  0.22125000000000000        2.5000000000000004     
  0.22250000000000000        2.5000000000000004     
  0.22375000000000000        2.5000000000000004     
  0.22500000000000001        2.5000000000000004     
  0.22625000000000001        2.5000000000000004     
  0.22750000000000001        2.5000000000000004     
  0.22875000000000001        2.5000000000000004     
  0.23000000000000001        2.5000000000000004     
  0.23125000000000001        2.5000000000000004     
  0.23250000000000001        2.5000000000000004     
  0.23375000000000001        2.5000000000000004     
  0.23500000000000001        2.5000000000000004     
  0.23625000000000002        2.5000000000000004     
  0.23750000000000002        2.5000000000000004     
  0.23875000000000002        2.5000000000000004     
  0.23999999999999999        2.5000000000000004     
  0.24124999999999999        2.5000000000000004     
  0.24249999999999999        2.5000000000000004     
  0.24374999999999999        2.5000000000000004     
  0.24500000000000000        2.5000000000000004     
  0.24625000000000000        2.5000000000000004     
  0.24750000000000000        2.5000000000000004     
  0.24875000000000000        2.5000000000000004     
  0.25000000000000000        2.5000000000000004     
  0.25125000000000003        2.5000000000000004     
  0.25250000000000000        2.5000000000000004     
  0.25375000000000003        2.5000000000000004     
  0.25500000000000000        2.5000000000000004     
  0.25624999999999998        2.5000000000000004     
  0.25750000000000001        2.5000000000000004     
  0.25874999999999998        2.5000000000000004     
  0.26000000000000001        2.5000000000000004     
  0.26124999999999998        2.5000000000000004     
  0.26250000000000001        2.5000000000000004     
  0.26374999999999998        2.5000000000000004     
  0.26500000000000001        2.5000000000000004     
  0.26624999999999999        2.5000000000000004     
  0.26750000000000002        2.5000000000000004     
  0.26874999999999999        2.5000000000000004     
  0.27000000000000002        2.5000000000000004     
  0.27124999999999999        2.5000000000000004     
  0.27250000000000002        2.5000000000000004     
  0.27374999999999999        2.5000000000000004     
  0.27500000000000002        2.5000000000000004     
  0.27625000000000000        2.5000000000000004     
  0.27750000000000002        2.5000000000000004     
  0.27875000000000000        2.5000000000000004     
  0.28000000000000003        2.5000000000000004     
  0.28125000000000000        2.5000000000000004     
  0.28250000000000003        2.5000000000000004     
  0.28375000000000000        2.5000000000000004     
  0.28500000000000003        2.5000000000000004     
  0.28625000000000000        2.5000000000000004     
  0.28750000000000003        2.5000000000000004     
  0.28875000000000001        2.5000000000000004     
  0.28999999999999998        2.5000000000000004     
  0.29125000000000001        2.5000000000000004     
  0.29249999999999998        2.5000000000000004     
  0.29375000000000001        2.5000000000000004     
  0.29499999999999998        2.5000000000000004     
  0.29625000000000001        2.5000000000000004     
  0.29749999999999999        2.5000000000000004     
  0.29875000000000002        2.5000000000000004     
  0.29999999999999999        2.5000000000000004     
  0.30125000000000002        2.5000000000000004     
  0.30249999999999999        2.5000000000000004     
  0.30375000000000002        2.5000000000000004     
  0.30499999999999999        2.5000000000000004     
  0.30625000000000002        2.5000000000000004     
  0.30750000000000000        2.5000000000000004     
  0.30875000000000002        2.5000000000000004     
  0.31000000000000000        2.5000000000000004     
  0.31125000000000003        2.5000000000000004     
  0.31250000000000000        2.5000000000000004     
  0.31375000000000003        2.5000000000000004     
  0.31500000000000000        2.5000000000000004     
  0.31625000000000003        2.5000000000000004     
  0.31750000000000000        2.5000000000000004     
  0.31875000000000003        2.5000000000000004     
  0.32000000000000001        2.5000000000000004     
  0.32124999999999998        2.5000000000000004     
  0.32250000000000001        2.5000000000000004     
  0.32374999999999998        2.4798408757303778     
  0.32500000000000001        2.4595836285313548     
  0.32624999999999998        2.4395159344945303     
  0.32750000000000001        2.4196361249153191     
  0.32874999999999999        2.3999425428690309     
  0.33000000000000002        2.3804335431507213     
  0.33124999999999999        2.3611074922152371     
  0.33250000000000002        2.3419627681174537     
  0.33374999999999999        2.3229977604527190     
  0.33500000000000002        2.3042108702974753     
  0.33624999999999999        2.2856005101501013     
  0.33750000000000002        2.2671651038719269     
  0.33875000000000000        2.2489030866284527     
  0.34000000000000002        2.2308129048307648     
  0.34125000000000000        2.2128930160771323     
  0.34250000000000003        2.1951418890948200     
  0.34375000000000000        2.1775580036820759     
  0.34500000000000003        2.1601398506503124     
  0.34625000000000000        2.1428859317665028     
  0.34750000000000003        2.1257947596957218     
  0.34875000000000000        2.1088648579439542     
  0.35000000000000003        2.0920947608010021     
  0.35125000000000001        2.0754830132836735     
  0.35249999999999998        2.0590281710791003     
  0.35375000000000001        2.0427288004882604     
  0.35499999999999998        2.0265834783697327     
  0.35625000000000001        2.0105907920835602     
  0.35749999999999998        1.9947493394353930     
  0.35875000000000001        1.9790577286207551     
  0.35999999999999999        1.9635145781695302     
  0.36125000000000002        1.9481185168906356     
  0.36249999999999999        1.9328681838168686     
  0.36375000000000002        1.9177622281499662     
  0.36499999999999999        1.9027993092058306     
  0.36625000000000002        1.8879780963599562     
  0.36749999999999999        1.8732972689930376     
  0.36875000000000002        1.8587555164367631     
  0.37000000000000000        1.8443515379198065     
  0.37125000000000002        1.8300840425139939     
  0.37250000000000000        1.8159517490806607     
  0.37375000000000003        1.8019533862171908     
  0.37500000000000000        1.7880876922037536     
  0.37625000000000003        1.7743534149502125     
  0.37750000000000000        1.7607493119432251     
  0.37875000000000003        1.7472741501935287     
  0.38000000000000000        1.7339267061834036     
  0.38125000000000003        1.7207057658143334     
  0.38250000000000001        1.7076101243548363     
  0.38375000000000004        1.6946385863884859     
  0.38500000000000001        1.6817899657621163     
  0.38624999999999998        1.6690630855342028     
  0.38750000000000001        1.6564567779234376     
  0.38874999999999998        1.6439698842574768     
  0.39000000000000001        1.6316012549218755     
  0.39124999999999999        1.6193497493091953     
  0.39250000000000002        1.6072142357683126     
  0.39374999999999999        1.5951935915538848     
  0.39500000000000002        1.5832867027760138     
  0.39624999999999999        1.5714924643500838     
  0.39750000000000002        1.5598097799467743     
  0.39874999999999999        1.5482375619422650     
  0.40000000000000002        1.5367747313686120     
  0.40125000000000000        1.5254202178643006     
  0.40250000000000002        1.5141729596249871     
  0.40375000000000000        1.5030319033544053     
  0.40500000000000003        1.4919960042154674     
  0.40625000000000000        1.4810642257815285     
  0.40750000000000003        1.4702355399878380     
  0.40875000000000000        1.4595089270831676     
  0.41000000000000003        1.4488833755815989     
  0.41125000000000000        1.4383578822145286     
  0.41250000000000003        1.4279314518828017     
  0.41375000000000001        1.4176030976090499     
  0.41500000000000004        1.4073718404902038     
  0.41625000000000001        1.3972367096501714     
  0.41749999999999998        1.3871967421927005     
  0.41875000000000001        1.3772509831543998     
  0.41999999999999998        1.3673984854579659     
  0.42125000000000001        1.3576383098655498     
  0.42249999999999999        1.3479695249323174     
  0.42375000000000002        1.3383912069601818     
  0.42499999999999999        1.3289024399516989     
  0.42625000000000002        1.3195023155641517     
  0.42749999999999999        1.3101899330637927     
  0.42875000000000002        1.3009643992802677     
  0.42999999999999999        1.2918248285612079     
  0.43125000000000002        1.2827703427269921     
  0.43250000000000000        1.2738000710256872     
  0.43375000000000002        1.2649131500881530     
  0.43500000000000000        1.2561087238833213     
  0.43625000000000003        1.2473859436736408     
  0.43750000000000000        1.2387439679707029     
  0.43875000000000003        1.2301819624910242     
  0.44000000000000000        1.2216991001120086     
  0.44125000000000003        1.2132945608280739     
  0.44250000000000000        1.2049675317069455     
  0.44375000000000003        1.1967172068461274     
  0.44500000000000001        1.1885427873295311     
  0.44625000000000004        1.1804434811842806     
  0.44750000000000001        1.1724185033376799     
  0.44874999999999998        1.1644670755743480     
  0.45000000000000001        1.1565884264935284     
  0.45124999999999998        1.1487817914665555     
  0.45250000000000001        1.1410464125944950     
  0.45374999999999999        1.1333815386659412     
  0.45500000000000002        1.1257864251149956     
  0.45624999999999999        1.1182603339793951     
  0.45750000000000002        1.1108025338588143     
  0.45874999999999999        1.1034122998733347     
  0.46000000000000002        1.0960889136220611     
  0.46124999999999999        1.0888316631419392     
  0.46250000000000002        1.0816398428666860     
  0.46375000000000000        1.0745127535859371     
  0.46500000000000002        1.0674497024045129     
  0.46625000000000000        1.0604500027018822     
  0.46750000000000003        1.0535129740917564     
  0.46875000000000000        1.0466379423818859     
  0.47000000000000003        1.0398242395339705     
  0.47125000000000000        1.0330712036237806     
  0.47250000000000003        1.0263781788013950     
  0.47375000000000000        1.0197445152516433     
  0.47500000000000003        1.0131695691546709     
  0.47625000000000001        1.0066527026466849     
  0.47750000000000004        1.0001932837808618     
  0.47875000000000001       0.99379068648840485     
  0.47999999999999998       0.98744429053976890     
  0.48125000000000001       0.98115348150603854     
  0.48249999999999998       0.97491765072047309     
  0.48375000000000001       0.96873619524020360     
  0.48499999999999999       0.96260851780809031     
  0.48625000000000002       0.95653402681474076     
  0.48749999999999999       0.95051213626067899     
  0.48875000000000002       0.94454226571868349     
  0.48999999999999999       0.94117868998135990     
  0.49125000000000002       0.94117868998135990     
  0.49249999999999999       0.94117868998135990     
  0.49375000000000002       0.94117868998135990     
  0.49500000000000000       0.94117868998135990     
  0.49625000000000002       0.94117868998135990     
  0.49750000000000000       0.94117868998135990     
  0.49875000000000003       0.94117868998135990     
  0.50000000000000000       0.94117868998135990     
  0.50124999999999997       0.94117868998135990     
  0.50250000000000006       0.94117868998135990     
  0.50375000000000003       0.94117868998135990     
  0.50500000000000000       0.94117868998135990     
  0.50624999999999998       0.94117868998135990     
  0.50750000000000006       0.94117868998135990     
  0.50875000000000004       0.94117868998135990     
  0.51000000000000001       0.94117868998135990     
  0.51124999999999998       0.94117868998135990     
  0.51249999999999996       0.94117868998135990     
  0.51375000000000004       0.94117868998135990     
  0.51500000000000001       0.94117868998135990     
  0.51624999999999999       0.94117868998135990     
  0.51749999999999996       0.94117868998135990     
  0.51875000000000004       0.94117868998135990     
  0.52000000000000002       0.94117868998135990     
  0.52124999999999999       0.94117868998135990     
  0.52249999999999996       0.94117868998135990     
  0.52375000000000005       0.94117868998135990     
  0.52500000000000002       0.94117868998135990     
  0.52625000000000000       0.94117868998135990     
  0.52749999999999997       0.94117868998135990     
  0.52875000000000005       0.94117868998135990     
  0.53000000000000003       0.94117868998135990     
  0.53125000000000000       0.94117868998135990     
  0.53249999999999997       0.94117868998135990     
  0.53375000000000006       0.94117868998135990     
  0.53500000000000003       0.94117868998135990     
  0.53625000000000000       0.94117868998135990     
  0.53749999999999998       0.94117868998135990     
  0.53875000000000006       0.94117868998135990     
  0.54000000000000004       0.94117868998135990     
  0.54125000000000001       0.94117868998135990     
  0.54249999999999998       0.94117868998135990     
  0.54375000000000007       0.94117868998135990     
  0.54500000000000004       0.94117868998135990     
  0.54625000000000001       0.94117868998135990     
  0.54749999999999999       0.94117868998135990     
  0.54874999999999996       0.94117868998135990     
  0.55000000000000004       0.94117868998135990     
  0.55125000000000002       0.94117868998135990     
  0.55249999999999999       0.94117868998135990     
  0.55374999999999996       0.94117868998135990     
  0.55500000000000005       0.94117868998135990     
  0.55625000000000002       0.94117868998135990     
  0.55750000000000000       0.94117868998135990     
  0.55874999999999997       0.94117868998135990     
  0.56000000000000005       0.94117868998135990     
  0.56125000000000003       0.94117868998135990     
  0.56250000000000000       0.94117868998135990     
  0.56374999999999997       0.94117868998135990     
  0.56500000000000006       0.94117868998135990     
  0.56625000000000003       0.94117868998135990     
  0.56750000000000000       0.94117868998135990     
  0.56874999999999998       0.94117868998135990     
  0.57000000000000006       0.94117868998135990     
  0.57125000000000004       0.94117868998135990     
  0.57250000000000001       0.94117868998135990     
  0.57374999999999998       0.94117868998135990     
  0.57500000000000007       0.94117868998135990     
  0.57625000000000004       0.94117868998135990     
  0.57750000000000001       0.94117868998135990     
  0.57874999999999999       0.94117868998135990     
  0.57999999999999996       0.94117868998135990     
  0.58125000000000004       0.94117868998135990     
  0.58250000000000002       0.94117868998135990     
  0.58374999999999999       0.94117868998135990     
  0.58499999999999996       0.94117868998135990     
  0.58625000000000005       0.94117868998135990     
  0.58750000000000002       0.94117868998135990     
  0.58875000000000000       0.94117868998135990     
  0.58999999999999997       0.94117868998135990     
  0.59125000000000005       0.94117868998135990     
  0.59250000000000003       0.94117868998135990     
  0.59375000000000000       0.94117868998135990     
  0.59499999999999997       0.94117868998135990     
  0.59625000000000006       0.94117868998135990     
  0.59750000000000003       0.94117868998135990     
  0.59875000000000000       0.94117868998135990     
  0.59999999999999998       0.94117868998135990     
  0.60125000000000006       0.94117868998135990     
  0.60250000000000004       0.94117868998135990     
  0.60375000000000001       0.94117868998135990     
  0.60499999999999998       0.94117868998135990     
  0.60625000000000007       0.94117868998135990     
  0.60750000000000004       0.94117868998135990     
  0.60875000000000001       0.94117868998135990     
  0.60999999999999999       0.94117868998135990     
  0.61124999999999996       0.94117868998135990     
  0.61250000000000004       0.94117868998135990     
  0.61375000000000002       0.94117868998135990     
  0.61499999999999999       0.94117868998135990     
  0.61624999999999996       0.94117868998135990     
  0.61750000000000005       0.94117868998135990     
  0.61875000000000002       0.94117868998135990     
  0.62000000000000000       0.94117868998135990     
  0.62124999999999997       0.94117868998135990     
  0.62250000000000005       0.94117868998135990     
  0.62375000000000003       0.94117868998135990     
  0.62500000000000000       0.94117868998135990     
  0.62624999999999997       0.94117868998135990     
  0.62750000000000006       0.94117868998135990     
  0.62875000000000003       0.94117868998135990     
  0.63000000000000000       0.94117868998135990     
  0.63124999999999998       0.94117868998135990     
  0.63250000000000006       0.94117868998135990     
  0.63375000000000004       0.94117868998135990     
  0.63500000000000001       0.94117868998135990     
  0.63624999999999998       0.94117868998135990     
  0.63750000000000007       0.94117868998135990     
  0.63875000000000004       0.94117868998135990     
  0.64000000000000001       0.87204449928623728     
  0.64124999999999999       0.87204449928623728     
  0.64249999999999996       0.87204449928623728     
  0.64375000000000004       0.87204449928623728     
  0.64500000000000002       0.87204449928623728     
  0.64624999999999999       0.87204449928623728     
  0.64749999999999996       0.87204449928623728     
  0.64875000000000005       0.87204449928623728     
  0.65000000000000002       0.87204449928623728     
  0.65125000000000000       0.87204449928623728     
  0.65249999999999997       0.87204449928623728     
  0.65375000000000005       0.87204449928623728     
  0.65500000000000003       0.87204449928623728     
  0.65625000000000000       0.87204449928623728     
  0.65749999999999997       0.87204449928623728     
  0.65875000000000006       0.87204449928623728     
  0.66000000000000003       0.87204449928623728     
  0.66125000000000000       0.87204449928623728     
  0.66249999999999998       0.87204449928623728     
  0.66375000000000006       0.87204449928623728     
  0.66500000000000004       0.87204449928623728     
  0.66625000000000001       0.87204449928623728     
  0.66749999999999998       0.87204449928623728     
  0.66875000000000007       0.87204449928623728     
  0.67000000000000004       0.87204449928623728     
  0.67125000000000001       0.87204449928623728     
  0.67249999999999999       0.87204449928623728     
  0.67374999999999996       0.87204449928623728     
  0.67500000000000004       0.87204449928623728     
  0.67625000000000002       0.87204449928623728     
  0.67749999999999999       0.87204449928623728     
  0.67874999999999996       0.87204449928623728     
  0.68000000000000005       0.87204449928623728     
  0.68125000000000002       0.87204449928623728     
  0.68250000000000000       0.87204449928623728     
  0.68374999999999997       0.87204449928623728     
  0.68500000000000005       0.87204449928623728     
  0.68625000000000003       0.87204449928623728     
  0.68750000000000000       0.87204449928623728     
  0.68874999999999997       0.87204449928623728     
  0.69000000000000006       0.87204449928623728     
  0.69125000000000003       0.87204449928623728     
  0.69250000000000000       0.87204449928623728     
  0.69374999999999998       0.87204449928623728     
  0.69500000000000006       0.87204449928623728     
  0.69625000000000004       0.87204449928623728     
  0.69750000000000001       0.87204449928623728     
  0.69874999999999998       0.87204449928623728     
  0.70000000000000007       0.87204449928623728     
  0.70125000000000004       0.87204449928623728     
  0.70250000000000001       0.87204449928623728     
  0.70374999999999999       0.87204449928623728     
  0.70499999999999996       0.87204449928623728     
  0.70625000000000004       0.87204449928623728     
  0.70750000000000002       0.87204449928623728     
  0.70874999999999999       0.87204449928623728     
  0.70999999999999996       0.87204449928623728     
  0.71125000000000005       0.87204449928623728     
  0.71250000000000002       0.87204449928623728     
  0.71375000000000000       0.87204449928623728     
  0.71499999999999997       0.87204449928623728     
  0.71625000000000005       0.87204449928623728     
  0.71750000000000003       0.87204449928623728     
  0.71875000000000000       0.87204449928623728     
  0.71999999999999997       0.87204449928623728     
  0.72125000000000006       0.87204449928623728     
  0.72250000000000003       0.87204449928623728     
  0.72375000000000000       0.87204449928623728     
  0.72499999999999998       0.87204449928623728     
  0.72625000000000006       0.87204449928623728     
  0.72750000000000004       0.87204449928623728     
  0.72875000000000001       0.87204449928623728     
  0.72999999999999998       0.87204449928623728     
  0.73125000000000007       0.87204449928623728     
  0.73250000000000004       0.87204449928623728     
  0.73375000000000001       0.87204449928623728     
  0.73499999999999999       0.87204449928623728     
  0.73624999999999996       0.87204449928623728     
  0.73750000000000004       0.87204449928623728     
  0.73875000000000002       0.87204449928623728     
  0.73999999999999999       0.87204449928623728     
  0.74124999999999996       0.87204449928623728     
  0.74250000000000005       0.87204449928623728     
  0.74375000000000002       0.87204449928623728     
  0.74500000000000000       0.87204449928623728     
  0.74624999999999997       0.87204449928623728     
  0.74750000000000005       0.87204449928623728     
  0.74875000000000003       0.87204449928623728     
  0.75000000000000000       0.87204449928623728     
  0.75124999999999997       0.87204449928623728     
  0.75250000000000006       0.87204449928623728     
  0.75375000000000003       0.87204449928623728     
  0.75500000000000000       0.87204449928623728     
  0.75624999999999998       0.87204449928623728     
  0.75750000000000006       0.87204449928623728     
  0.75875000000000004       0.87204449928623728     
  0.76000000000000001       0.87204449928623728     
  0.76124999999999998       0.87204449928623728     
  0.76250000000000007       0.87204449928623728     
  0.76375000000000004       0.25000000372529035     
  0.76500000000000001       0.25000000372529035     
  0.76624999999999999       0.25000000372529035     
  0.76750000000000007       0.25000000372529035     
  0.76875000000000004       0.25000000372529035     
  0.77000000000000002       0.25000000372529035     
  0.77124999999999999       0.25000000372529035     
  0.77249999999999996       0.25000000372529035     
  0.77375000000000005       0.25000000372529035     
  0.77500000000000002       0.25000000372529035     
  0.77625000000000000       0.25000000372529035     
  0.77749999999999997       0.25000000372529035     
  0.77875000000000005       0.25000000372529035     
  0.78000000000000003       0.25000000372529035     
  0.78125000000000000       0.25000000372529035     
  0.78249999999999997       0.25000000372529035     
  0.78375000000000006       0.25000000372529035     
  0.78500000000000003       0.25000000372529035     
  0.78625000000000000       0.25000000372529035     
  0.78749999999999998       0.25000000372529035     
  0.78875000000000006       0.25000000372529035     
  0.79000000000000004       0.25000000372529035     
  0.79125000000000001       0.25000000372529035     
  0.79249999999999998       0.25000000372529035     
  0.79375000000000007       0.25000000372529035     
  0.79500000000000004       0.25000000372529035     
  0.79625000000000001       0.25000000372529035     
  0.79749999999999999       0.25000000372529035     
  0.79875000000000007       0.25000000372529035     
  0.80000000000000004       0.25000000372529035     
  0.80125000000000002       0.25000000372529035     
  0.80249999999999999       0.25000000372529035     
  0.80374999999999996       0.25000000372529035     
  0.80500000000000005       0.25000000372529035     
  0.80625000000000002       0.25000000372529035     
  0.80750000000000000       0.25000000372529035     
  0.80874999999999997       0.25000000372529035     
  0.81000000000000005       0.25000000372529035     
  0.81125000000000003       0.25000000372529035     
  0.81250000000000000       0.25000000372529035     
  0.81374999999999997       0.25000000372529035     
  0.81500000000000006       0.25000000372529035     
  0.81625000000000003       0.25000000372529035     
  0.81750000000000000       0.25000000372529035     
  0.81874999999999998       0.25000000372529035     
  0.82000000000000006       0.25000000372529035     
  0.82125000000000004       0.25000000372529035     
  0.82250000000000001       0.25000000372529035     
  0.82374999999999998       0.25000000372529035     
  0.82500000000000007       0.25000000372529035     
  0.82625000000000004       0.25000000372529035     
  0.82750000000000001       0.25000000372529035     
  0.82874999999999999       0.25000000372529035     
  0.83000000000000007       0.25000000372529035     
  0.83125000000000004       0.25000000372529035     
  0.83250000000000002       0.25000000372529035     
  0.83374999999999999       0.25000000372529035     
  0.83499999999999996       0.25000000372529035     
  0.83625000000000005       0.25000000372529035     
  0.83750000000000002       0.25000000372529035     
  0.83875000000000000       0.25000000372529035     
  0.83999999999999997       0.25000000372529035     
  0.84125000000000005       0.25000000372529035     
  0.84250000000000003       0.25000000372529035     
  0.84375000000000000       0.25000000372529035     
  0.84499999999999997       0.25000000372529035     
  0.84625000000000006       0.25000000372529035     
  0.84750000000000003       0.25000000372529035     
  0.84875000000000000       0.25000000372529035     
  0.84999999999999998       0.25000000372529035     
  0.85125000000000006       0.25000000372529035     
  0.85250000000000004       0.25000000372529035     
  0.85375000000000001       0.25000000372529035     
  0.85499999999999998       0.25000000372529035     
  0.85625000000000007       0.25000000372529035     
  0.85750000000000004       0.25000000372529035     
  0.85875000000000001       0.25000000372529035     
  0.85999999999999999       0.25000000372529035     
  0.86125000000000007       0.25000000372529035     
  0.86250000000000004       0.25000000372529035     
  0.86375000000000002       0.25000000372529035     
  0.86499999999999999       0.25000000372529035     
  0.86624999999999996       0.25000000372529035     
  0.86750000000000005       0.25000000372529035     
  0.86875000000000002       0.25000000372529035     
  0.87000000000000000       0.25000000372529035     
  0.87124999999999997       0.25000000372529035     
  0.87250000000000005       0.25000000372529035     
  0.87375000000000003       0.25000000372529035     
  0.87500000000000000       0.25000000372529035     
  0.87624999999999997       0.25000000372529035     
  0.87750000000000006       0.25000000372529035     
  0.87875000000000003       0.25000000372529035     
  0.88000000000000000       0.25000000372529035     
  0.88124999999999998       0.25000000372529035     
  0.88250000000000006       0.25000000372529035     
  0.88375000000000004       0.25000000372529035     
  0.88500000000000001       0.25000000372529035     
  0.88624999999999998       0.25000000372529035     
  0.88750000000000007       0.25000000372529035     
  0.88875000000000004       0.25000000372529035     
  0.89000000000000001       0.25000000372529035     
  0.89124999999999999       0.25000000372529035     
  0.89250000000000007       0.25000000372529035     
  0.89375000000000004       0.25000000372529035     
  0.89500000000000002       0.25000000372529035     
  0.89624999999999999       0.25000000372529035     
  0.89749999999999996       0.25000000372529035     
  0.89875000000000005       0.25000000372529035     
  0.90000000000000002       0.25000000372529035     
  0.90125000000000000       0.25000000372529035     
  0.90249999999999997       0.25000000372529035     
  0.90375000000000005       0.25000000372529035     
  0.90500000000000003       0.25000000372529035     
  0.90625000000000000       0.25000000372529035     
  0.90749999999999997       0.25000000372529035     
  0.90875000000000006       0.25000000372529035     
  0.91000000000000003       0.25000000372529035     
  0.91125000000000000       0.25000000372529035     
  0.91249999999999998       0.25000000372529035     
  0.91375000000000006       0.25000000372529035     
  0.91500000000000004       0.25000000372529035     
  0.91625000000000001       0.25000000372529035     
  0.91749999999999998       0.25000000372529035     
  0.91875000000000007       0.25000000372529035     
  0.92000000000000004       0.25000000372529035     
  0.92125000000000001       0.25000000372529035     
  0.92249999999999999       0.25000000372529035     
  0.92375000000000007       0.25000000372529035     
  0.92500000000000004       0.25000000372529035     
  0.92625000000000002       0.25000000372529035     
  0.92749999999999999       0.25000000372529035     
  0.92874999999999996       0.25000000372529035     
  0.93000000000000005       0.25000000372529035     
  0.93125000000000002       0.25000000372529035     
  0.93250000000000000       0.25000000372529035     
  0.93374999999999997       0.25000000372529035     
  0.93500000000000005       0.25000000372529035     
  0.93625000000000003       0.25000000372529035     
  0.93750000000000000       0.25000000372529035     
  0.93874999999999997       0.25000000372529035     
  0.94000000000000006       0.25000000372529035     
  0.94125000000000003       0.25000000372529035     
  0.94250000000000000       0.25000000372529035     
  0.94374999999999998       0.25000000372529035     
  0.94500000000000006       0.25000000372529035     
  0.94625000000000004       0.25000000372529035     
  0.94750000000000001       0.25000000372529035     
  0.94874999999999998       0.25000000372529035     
  0.95000000000000007       0.25000000372529035     
  0.95125000000000004       0.25000000372529035     
  0.95250000000000001       0.25000000372529035     
  0.95374999999999999       0.25000000372529035     
  0.95500000000000007       0.25000000372529035     
  0.95625000000000004       0.25000000372529035     
  0.95750000000000002       0.25000000372529035     
  0.95874999999999999       0.25000000372529035     
  0.95999999999999996       0.25000000372529035     
  0.96125000000000005       0.25000000372529035     
  0.96250000000000002       0.25000000372529035     
  0.96375000000000000       0.25000000372529035     
  0.96499999999999997       0.25000000372529035     
  0.96625000000000005       0.25000000372529035     
  0.96750000000000003       0.25000000372529035     
  0.96875000000000000       0.25000000372529035     
  0.96999999999999997       0.25000000372529035     
  0.97125000000000006       0.25000000372529035     
  0.97250000000000003       0.25000000372529035     
  0.97375000000000000       0.25000000372529035     
  0.97499999999999998       0.25000000372529035     
  0.97625000000000006       0.25000000372529035     
  0.97750000000000004       0.25000000372529035     
  0.97875000000000001       0.25000000372529035     
  0.97999999999999998       0.25000000372529035     
  0.98125000000000007       0.25000000372529035     
  0.98250000000000004       0.25000000372529035     
  0.98375000000000001       0.25000000372529035     
  0.98499999999999999       0.25000000372529035     
  0.98625000000000007       0.25000000372529035     
  0.98750000000000004       0.25000000372529035     
  0.98875000000000002       0.25000000372529035     
  0.98999999999999999       0.25000000372529035     
  0.99125000000000008       0.25000000372529035     
  0.99250000000000005       0.25000000372529035     
  0.99375000000000002       0.25000000372529035     
  0.99500000000000000       0.25000000372529035     
  0.99624999999999997       0.25000000372529035     
  0.99750000000000005       0.25000000372529035     
  0.99875000000000003       0.25000000372529035     
   1.0000000000000000       0.25000000372529035     
