   0.0000000000000000        0.0000000000000000     
   1.2500000000000000E-003   0.0000000000000000     
   2.5000000000000001E-003   0.0000000000000000     
   3.7499999999999999E-003   0.0000000000000000     
   5.0000000000000001E-003   0.0000000000000000     
   6.2500000000000003E-003   0.0000000000000000     
   7.4999999999999997E-003   0.0000000000000000     
   8.7500000000000008E-003   0.0000000000000000     
   1.0000000000000000E-002   0.0000000000000000     
   1.1250000000000000E-002   0.0000000000000000     
   1.2500000000000001E-002   0.0000000000000000     
   1.3750000000000000E-002   0.0000000000000000     
   1.4999999999999999E-002   0.0000000000000000     
   1.6250000000000001E-002   0.0000000000000000     
   1.7500000000000002E-002   0.0000000000000000     
   1.8749999999999999E-002   0.0000000000000000     
   2.0000000000000000E-002   0.0000000000000000     
   2.1250000000000002E-002   0.0000000000000000     
   2.2499999999999999E-002   0.0000000000000000     
   2.3750000000000000E-002   0.0000000000000000     
   2.5000000000000001E-002   0.0000000000000000     
   2.6249999999999999E-002   0.0000000000000000     
   2.7500000000000000E-002   0.0000000000000000     
   2.8750000000000001E-002   0.0000000000000000     
   2.9999999999999999E-002   0.0000000000000000     
   3.1250000000000000E-002   0.0000000000000000     
   3.2500000000000001E-002   0.0000000000000000     
   3.3750000000000002E-002   0.0000000000000000     
   3.5000000000000003E-002   0.0000000000000000     
   3.6249999999999998E-002   0.0000000000000000     
   3.7499999999999999E-002   0.0000000000000000     
   3.8750000000000000E-002   0.0000000000000000     
   4.0000000000000001E-002   0.0000000000000000     
   4.1250000000000002E-002   0.0000000000000000     
   4.2500000000000003E-002   0.0000000000000000     
   4.3750000000000004E-002   0.0000000000000000     
   4.4999999999999998E-002   0.0000000000000000     
   4.6249999999999999E-002   0.0000000000000000     
   4.7500000000000001E-002   0.0000000000000000     
   4.8750000000000002E-002   0.0000000000000000     
   5.0000000000000003E-002   0.0000000000000000     
   5.1250000000000004E-002   0.0000000000000000     
   5.2499999999999998E-002   0.0000000000000000     
   5.3749999999999999E-002   0.0000000000000000     
   5.5000000000000000E-002   0.0000000000000000     
   5.6250000000000001E-002   0.0000000000000000     
   5.7500000000000002E-002   0.0000000000000000     
   5.8750000000000004E-002   0.0000000000000000     
   5.9999999999999998E-002   0.0000000000000000     
   6.1249999999999999E-002   0.0000000000000000     
   6.2500000000000000E-002   0.0000000000000000     
   6.3750000000000001E-002   0.0000000000000000     
   6.5000000000000002E-002   0.0000000000000000     
   6.6250000000000003E-002   0.0000000000000000     
   6.7500000000000004E-002   0.0000000000000000     
   6.8750000000000006E-002   0.0000000000000000     
   7.0000000000000007E-002   0.0000000000000000     
   7.1250000000000008E-002   0.0000000000000000     
   7.2499999999999995E-002   0.0000000000000000     
   7.3749999999999996E-002   0.0000000000000000     
   7.4999999999999997E-002   0.0000000000000000     
   7.6249999999999998E-002   0.0000000000000000     
   7.7499999999999999E-002   0.0000000000000000     
   7.8750000000000001E-002   0.0000000000000000     
   8.0000000000000002E-002   0.0000000000000000     
   8.1250000000000003E-002   0.0000000000000000     
   8.2500000000000004E-002   0.0000000000000000     
   8.3750000000000005E-002   0.0000000000000000     
   8.5000000000000006E-002   0.0000000000000000     
   8.6250000000000007E-002   0.0000000000000000     
   8.7500000000000008E-002   0.0000000000000000     
   8.8749999999999996E-002   0.0000000000000000     
   8.9999999999999997E-002   0.0000000000000000     
   9.1249999999999998E-002   0.0000000000000000     
   9.2499999999999999E-002   0.0000000000000000     
   9.3750000000000000E-002   0.0000000000000000     
   9.5000000000000001E-002   0.0000000000000000     
   9.6250000000000002E-002   0.0000000000000000     
   9.7500000000000003E-002   0.0000000000000000     
   9.8750000000000004E-002   0.0000000000000000     
  0.10000000000000001        0.0000000000000000     
  0.10125000000000001        0.0000000000000000     
  0.10250000000000001        0.0000000000000000     
  0.10375000000000001        0.0000000000000000     
  0.10500000000000000        0.0000000000000000     
  0.10625000000000000        0.0000000000000000     
  0.10750000000000000        0.0000000000000000     
  0.10875000000000000        0.0000000000000000     
  0.11000000000000000        0.0000000000000000     
  0.11125000000000000        0.0000000000000000     
  0.11250000000000000        0.0000000000000000     
  0.11375000000000000        0.0000000000000000     
  0.11500000000000000        0.0000000000000000     
  0.11625000000000001        0.0000000000000000     
  0.11750000000000001        0.0000000000000000     
  0.11875000000000001        0.0000000000000000     
  0.12000000000000000        0.0000000000000000     
  0.12125000000000000        0.0000000000000000     
  0.12250000000000000        0.0000000000000000     
  0.12375000000000000        0.0000000000000000     
  0.12500000000000000        0.0000000000000000     
  0.12625000000000000        0.0000000000000000     
  0.12750000000000000        0.0000000000000000     
  0.12875000000000000        0.0000000000000000     
  0.13000000000000000        0.0000000000000000     
  0.13125000000000001        0.0000000000000000     
  0.13250000000000001        0.0000000000000000     
  0.13375000000000001        0.0000000000000000     
  0.13500000000000001        0.0000000000000000     
  0.13625000000000001        0.0000000000000000     
  0.13750000000000001        0.0000000000000000     
  0.13875000000000001        0.0000000000000000     
  0.14000000000000001        0.0000000000000000     
  0.14125000000000001        0.0000000000000000     
  0.14250000000000002        0.0000000000000000     
  0.14375000000000002        0.0000000000000000     
  0.14499999999999999        0.0000000000000000     
  0.14624999999999999        0.0000000000000000     
  0.14749999999999999        0.0000000000000000     
  0.14874999999999999        0.0000000000000000     
  0.14999999999999999        0.0000000000000000     
  0.15125000000000000        0.0000000000000000     
  0.15250000000000000        0.0000000000000000     
  0.15375000000000000        0.0000000000000000     
  0.15500000000000000        0.0000000000000000     
  0.15625000000000000        0.0000000000000000     
  0.15750000000000000        0.0000000000000000     
  0.15875000000000000        0.0000000000000000     
  0.16000000000000000        0.0000000000000000     
  0.16125000000000000        0.0000000000000000     
  0.16250000000000001        0.0000000000000000     
  0.16375000000000001        0.0000000000000000     
  0.16500000000000001        0.0000000000000000     
  0.16625000000000001        0.0000000000000000     
  0.16750000000000001        0.0000000000000000     
  0.16875000000000001        0.0000000000000000     
  0.17000000000000001        0.0000000000000000     
  0.17125000000000001        0.0000000000000000     
  0.17250000000000001        0.0000000000000000     
  0.17375000000000002        0.0000000000000000     
  0.17500000000000002        0.0000000000000000     
  0.17624999999999999        0.0000000000000000     
  0.17749999999999999        0.0000000000000000     
  0.17874999999999999       -5.5511151231257827E-016
  0.17999999999999999        0.0000000000000000     
  0.18124999999999999        0.0000000000000000     
  0.18250000000000000        0.0000000000000000     
  0.18375000000000000        0.0000000000000000     
  0.18500000000000000        0.0000000000000000     
  0.18625000000000000        0.0000000000000000     
  0.18750000000000000        0.0000000000000000     
  0.18875000000000000        0.0000000000000000     
  0.19000000000000000        0.0000000000000000     
  0.19125000000000000        0.0000000000000000     
  0.19250000000000000        0.0000000000000000     
  0.19375000000000001        0.0000000000000000     
  0.19500000000000001        0.0000000000000000     
  0.19625000000000001        0.0000000000000000     
  0.19750000000000001        0.0000000000000000     
  0.19875000000000001        0.0000000000000000     
  0.20000000000000001        0.0000000000000000     
  0.20125000000000001        0.0000000000000000     
  0.20250000000000001        0.0000000000000000     
  0.20375000000000001        0.0000000000000000     
  0.20500000000000002        0.0000000000000000     
  0.20625000000000002        2.2204460492503131E-016
  0.20750000000000002        2.2204460492503131E-016
  0.20874999999999999        6.6613381477509392E-016
  0.20999999999999999       -4.4408920985006262E-016
  0.21124999999999999       -1.6653345369377348E-015
  0.21249999999999999       -3.3306690738754696E-016
  0.21375000000000000        0.0000000000000000     
  0.21500000000000000        6.6613381477509392E-016
  0.21625000000000000        2.2204460492503131E-016
  0.21750000000000000        2.2204460492503131E-016
  0.21875000000000000       -8.8817841970012523E-016
  0.22000000000000000        0.0000000000000000     
  0.22125000000000000       -8.8817841970012523E-016
  0.22250000000000000        2.2204460492503131E-016
  0.22375000000000000       -8.8817841970012523E-016
  0.22500000000000001        2.2204460492503131E-016
  0.22625000000000001        0.0000000000000000     
  0.22750000000000001        0.0000000000000000     
  0.22875000000000001       -7.7715611723760958E-016
  0.23000000000000001        6.6613381477509392E-016
  0.23125000000000001       -4.4408920985006262E-016
  0.23250000000000001       -8.8817841970012523E-016
  0.23375000000000001       -8.8817841970012523E-016
  0.23500000000000001        8.8817841970012523E-016
  0.23625000000000002       -3.3306690738754696E-016
  0.23750000000000002        1.5543122344752192E-015
  0.23875000000000002       -3.3306690738754696E-016
  0.23999999999999999        0.0000000000000000     
  0.24124999999999999       -5.6621374255882984E-015
  0.24249999999999999        2.2204460492503131E-016
  0.24374999999999999       -1.5432100042289676E-014
  0.24500000000000000        2.4424906541753444E-015
  0.24625000000000000       -4.2077452633293433E-014
  0.24750000000000000        2.2204460492503131E-016
  0.24875000000000000       -1.2834178164666810E-013
  0.25000000000000000        2.2204460492503131E-016
  0.25125000000000003       -3.9179770539021774E-013
  0.25250000000000000        1.5543122344752192E-015
  0.25375000000000003       -1.1713963132820027E-012
  0.25500000000000000        4.2188474935755949E-015
  0.25624999999999998       -3.3969493884455915E-012
  0.25750000000000001        8.6597395920762210E-015
  0.25874999999999998       -9.6562757789797615E-012
  0.26000000000000001        1.9317880628477724E-014
  0.26124999999999998       -2.6900259797457693E-011
  0.26250000000000001        4.9071857688431919E-014
  0.26374999999999998       -7.3391626109753361E-011
  0.26500000000000001        1.3966605649784469E-013
  0.26624999999999999       -1.9594292854918649E-010
  0.26750000000000002        4.1100456371623295E-013
  0.26874999999999999       -5.1152782010177589E-010
  0.27000000000000002        1.2241319069516976E-012
  0.27124999999999999       -1.3045090563323924E-009
  0.27250000000000002        3.6584069107448158E-012
  0.27374999999999999       -3.2509986924722512E-009
  0.27500000000000002        1.0944134487544943E-011
  0.27625000000000000       -7.8676497539120760E-009
  0.27750000000000002        3.7341241210242515E-012
  0.27875000000000000       -1.8579258020956502E-008
  0.28000000000000003        1.5776269179923474E-012
  0.28125000000000000       -4.2684491052824569E-008
  0.28250000000000003        2.0561330416057899E-012
  0.28375000000000000       -9.5221358908936793E-008
  0.28500000000000003        8.0089268550409543E-012
  0.28625000000000000       -2.0587019911033622E-007
  0.28750000000000003        3.8191227957895535E-011
  0.28875000000000001       -4.3040959651907684E-007
  0.28999999999999998        1.8580337268758740E-010
  0.29125000000000001       -8.6779820618332337E-007
  0.29249999999999998        9.0655483120372082E-010
  0.29375000000000001       -1.6815565943018029E-006
  0.29499999999999998        4.4298484880300748E-009
  0.29625000000000001       -3.1171544604413626E-006
  0.29749999999999999        2.1702470931472817E-008
  0.29875000000000002       -5.4944410652346676E-006
  0.29999999999999999        1.0679283235504045E-007
  0.30125000000000002       -9.0898777621584159E-006
  0.30249999999999999        5.2821813789627470E-007
  0.30375000000000002       -1.3833376534377884E-005
  0.30499999999999999        2.6152889636144039E-006
  0.30625000000000002       -2.2868718376867214E-005
  0.30750000000000000        1.2814189431997747E-005
  0.30875000000000002       -5.3391004897651584E-005
  0.31000000000000000        5.5439496289944046E-005
  0.31125000000000003       -1.0506948872601729E-004
  0.31250000000000000        1.4750500117699517E-004
  0.31375000000000003        7.3561691958046183E-005
  0.31500000000000000        1.6131216389303482E-004
  0.31625000000000003       -3.7938916649726817E-004
  0.31750000000000000       -1.3446823264620100E-003
  0.31875000000000003       -3.6523670206647374E-003
  0.32000000000000001       -6.7630788575289147E-003
  0.32124999999999998       -1.0957554509169909E-002
  0.32250000000000001       -1.5379548127004483E-002
  0.32374999999999998       -1.4664025290341165E-002
  0.32500000000000001       -1.3831100344740999E-002
  0.32624999999999998       -1.3351679001984973E-002
  0.32750000000000001       -1.2681026751168889E-002
  0.32874999999999999       -1.2384832365271992E-002
  0.33000000000000002       -1.1927004514236894E-002
  0.33124999999999999       -1.1700501352952530E-002
  0.33250000000000002       -1.1249813735542569E-002
  0.33374999999999999       -1.1088641325395554E-002
  0.33500000000000002       -1.0762213252354158E-002
  0.33624999999999999       -1.0590748965581209E-002
  0.33750000000000002       -1.0200724540070594E-002
  0.33875000000000000       -1.0066506247905949E-002
  0.34000000000000002       -9.7424686160230145E-003
  0.34125000000000000       -9.5752609400402422E-003
  0.34250000000000003       -9.1519313350426623E-003
  0.34375000000000000       -8.9924759614596894E-003
  0.34500000000000003       -8.6321447372391669E-003
  0.34625000000000000       -8.4163636624358107E-003
  0.34750000000000003       -7.9584035708565315E-003
  0.34875000000000000       -7.7551081947718759E-003
  0.35000000000000003       -7.3659085444902628E-003
  0.35125000000000001       -7.1289235018973107E-003
  0.35249999999999998       -6.6834517835836493E-003
  0.35375000000000001       -6.4659994401430332E-003
  0.35499999999999998       -6.1142119207743262E-003
  0.35625000000000001       -5.9338692788202252E-003
  0.35749999999999998       -5.5424289367989044E-003
  0.35875000000000001       -5.3955732289526770E-003
  0.35999999999999999       -5.1075555340603929E-003
  0.36125000000000002       -5.0344403950763894E-003
  0.36249999999999999       -4.7140754732776236E-003
  0.36375000000000002       -4.6692195430176886E-003
  0.36499999999999999       -4.3906529917613346E-003
  0.36625000000000002       -4.5162687803018686E-003
  0.36749999999999999       -4.0765190779528115E-003
  0.36875000000000002       -4.3504191796450709E-003
  0.37000000000000000       -3.6934816735668674E-003
  0.37125000000000002       -4.4187791878588234E-003
  0.37250000000000000       -3.4595529091958621E-003
  0.37375000000000003       -4.7621884186596075E-003
  0.37500000000000000       -3.3536434882164290E-003
  0.37625000000000003       -4.4207903845843166E-003
  0.37750000000000000       -2.2217909637236577E-003
  0.37875000000000003       -2.5389479578503682E-003
  0.38000000000000000       -4.0322429231010037E-004
  0.38125000000000003       -5.9230589399850153E-004
  0.38250000000000001        1.0227485104618017E-003
  0.38375000000000004        8.5412239826943015E-005
  0.38500000000000001        1.1275257225894508E-003
  0.38624999999999998       -2.0781896023391866E-005
  0.38750000000000001        1.2085720346580731E-003
  0.38874999999999998        3.5552562654395103E-004
  0.39000000000000001        1.6308018789588097E-003
  0.39124999999999999        8.6443374881528534E-004
  0.39250000000000002        1.9119749214224768E-003
  0.39374999999999999        7.9186230303740501E-004
  0.39500000000000002        1.8534800484210079E-003
  0.39624999999999999        9.9257574112421310E-004
  0.39750000000000002        1.9749614043571562E-003
  0.39874999999999999        1.3082141198120789E-003
  0.40000000000000002        2.2676020933697361E-003
  0.40125000000000000        2.2314779392832440E-003
  0.40250000000000002        3.0010674813661931E-003
  0.40375000000000000        2.7712870705854931E-003
  0.40500000000000003        3.2660149335475008E-003
  0.40625000000000000        3.0149392534332131E-003
  0.40750000000000003        3.3000903875679555E-003
  0.40875000000000000        3.2795038236376195E-003
  0.41000000000000003        3.2734176781180624E-003
  0.41125000000000000        3.0902428843874175E-003
  0.41250000000000003        3.1904454693911788E-003
  0.41375000000000001        3.0928990804275358E-003
  0.41500000000000004        2.9478517390977288E-003
  0.41625000000000001        3.0765388107306668E-003
  0.41749999999999998        2.7404507801349620E-003
  0.41875000000000001        2.8528567385812664E-003
  0.41999999999999998        2.7664904404313129E-003
  0.42125000000000001        2.8782135353042637E-003
  0.42249999999999999        2.5447254045698475E-003
  0.42375000000000002        3.0332402208249620E-003
  0.42499999999999999        2.5981655683913196E-003
  0.42625000000000002        2.9193687138926450E-003
  0.42749999999999999        2.6457181870189750E-003
  0.42875000000000002        3.0525457110638365E-003
  0.42999999999999999        2.4851103987194589E-003
  0.43125000000000002        3.2079180289767972E-003
  0.43250000000000000        2.7336137431880347E-003
  0.43375000000000002        3.1245409214331055E-003
  0.43500000000000000        2.5225675656584956E-003
  0.43625000000000003        3.3404469941517023E-003
  0.43750000000000000        2.5448837943286007E-003
  0.43875000000000003        3.1484037587199420E-003
  0.44000000000000000        2.5169712726985649E-003
  0.44125000000000003        3.3751763573977023E-003
  0.44250000000000000        2.4029319411856820E-003
  0.44375000000000003        3.2602021421125338E-003
  0.44500000000000001        2.5266630946783053E-003
  0.44625000000000004        3.4402685282006740E-003
  0.44750000000000001        2.2612795328329494E-003
  0.44874999999999998        3.3296734634166159E-003
  0.45000000000000001        2.4026800015426453E-003
  0.45124999999999998        3.5266757994197873E-003
  0.45250000000000001        2.0834547844217344E-003
  0.45374999999999999        3.4695695427391371E-003
  0.45500000000000002        2.1413420189047017E-003
  0.45624999999999999        3.6944134346251767E-003
  0.45750000000000002        1.8557871741279319E-003
  0.45874999999999999        3.6480292554850191E-003
  0.46000000000000002        1.8351933462825709E-003
  0.46124999999999999        3.7027504824512780E-003
  0.46250000000000002        1.5215345184805273E-003
  0.46375000000000000        3.4498515112729722E-003
  0.46500000000000002        1.2429793150848800E-003
  0.46625000000000000        3.2683186415570220E-003
  0.46750000000000003        6.1548555880136524E-004
  0.46875000000000000        2.7467924680364963E-003
  0.47000000000000003       -4.3915274632655432E-005
  0.47125000000000000        2.8371758223732502E-003
  0.47250000000000003        1.0033176645882214E-003
  0.47375000000000000        4.6922599702676759E-003
  0.47500000000000003        3.3339746356194633E-003
  0.47625000000000001        7.2385634388716369E-004
  0.47750000000000004        3.3587558107195936E-003
  0.47875000000000001        1.3975427786941386E-003
  0.47999999999999998       -1.1073717676918227E-004
  0.48125000000000001        1.5133915609807369E-003
  0.48249999999999998        2.3865209411930710E-003
  0.48375000000000001        4.4525420685650463E-003
  0.48499999999999999        1.8860232840491875E-003
  0.48625000000000002        3.4191290257279405E-005
  0.48749999999999999        1.6648868760417712E-003
  0.48875000000000002        4.8099426791676225E-003
  0.48999999999999999        4.7961597527816924E-003
  0.49125000000000002       -1.7954352823756903E-004
  0.49249999999999999       -1.3821266311174751E-003
  0.49375000000000002       -8.0353207550837302E-004
  0.49500000000000000       -8.1717332172015489E-004
  0.49625000000000002       -1.0090109966341965E-003
  0.49750000000000000       -9.3387046609783031E-004
  0.49875000000000003       -1.0522875895301875E-003
  0.50000000000000000       -1.0197000939791145E-003
  0.50124999999999997       -7.4637092350171574E-004
  0.50250000000000006       -6.4922744968132218E-004
  0.50375000000000003       -3.3500727510510364E-004
  0.50500000000000000       -3.2333543692758537E-004
  0.50624999999999998       -1.2620120233475252E-004
  0.50750000000000006       -5.3238792159460147E-005
  0.50875000000000004       -3.0610180704604417E-006
  0.51000000000000001       -8.6222136170821528E-006
  0.51124999999999998       -8.0688202336864912E-006
  0.51249999999999996       -7.3491019527138768E-006
  0.51375000000000004        2.8989664433654028E-005
  0.51500000000000001       -4.9682532313743977E-006
  0.51624999999999999       -8.7439744500705796E-005
  0.51749999999999996       -1.0730311778361923E-004
  0.51875000000000004       -4.8965972990699935E-005
  0.52000000000000002       -3.2581620684424273E-005
  0.52124999999999999       -6.0275727074177166E-005
  0.52249999999999996       -1.1101535277857622E-004
  0.52375000000000005       -7.3789332644069727E-005
  0.52500000000000002       -2.6072701998614001E-005
  0.52625000000000000       -9.2068218011109870E-006
  0.52749999999999997       -3.9075029772461800E-005
  0.52875000000000005       -5.5720662628155893E-005
  0.53000000000000003       -4.1704451193669279E-005
  0.53125000000000000        5.5312934211793063E-006
  0.53249999999999997        8.0891402356453312E-006
  0.53375000000000006       -2.5939677408270967E-005
  0.53500000000000003       -5.0883867061313204E-005
  0.53625000000000000       -4.9204535738700539E-005
  0.53749999999999998       -4.0736527978757486E-005
  0.53875000000000006       -2.9011585731208989E-005
  0.54000000000000004       -3.4039750957837178E-005
  0.54125000000000001       -4.7869832270452939E-005
  0.54249999999999998       -7.5678564314285435E-005
  0.54375000000000007       -6.2516945199708740E-005
  0.54500000000000004       -2.8913756364712384E-005
  0.54625000000000001       -1.7036434356798580E-005
  0.54749999999999999       -5.2304908527256444E-005
  0.54874999999999996       -1.0439304796416859E-004
  0.55000000000000004       -7.8270455784679172E-005
  0.55125000000000002       -2.2676434381085908E-005
  0.55249999999999999       -1.1498136286425265E-006
  0.55374999999999996       -5.7905232102806181E-005
  0.55500000000000005       -1.2396276267778727E-004
  0.55625000000000002       -9.6409825329324406E-005
  0.55750000000000000       -4.8110011298674316E-006
  0.55874999999999997        2.2514000448503602E-005
  0.56000000000000005       -4.8947383291642055E-005
  0.56125000000000003       -1.2784252614073122E-004
  0.56250000000000000       -1.0135106000697114E-004
  0.56374999999999997       -3.0058617712325209E-005
  0.56500000000000006       -1.1496850293113425E-005
  0.56625000000000003       -5.7216502691970206E-005
  0.56750000000000000       -9.1944134129551269E-005
  0.56874999999999998       -7.5142014209550467E-005
  0.57000000000000006       -6.3634038854121222E-005
  0.57125000000000004       -5.6296164137603633E-005
  0.57250000000000001       -8.0429709603091482E-005
  0.57374999999999998       -8.4665110696158230E-005
  0.57500000000000007       -8.2953893348836072E-005
  0.57625000000000004       -8.7413191768248577E-005
  0.57750000000000001       -9.7004813509993237E-005
  0.57874999999999999       -9.2091577413411230E-005
  0.57999999999999996       -9.4129560848699168E-005
  0.58125000000000004       -1.1669095097033289E-004
  0.58250000000000002       -1.4005796146004945E-004
  0.58374999999999999       -1.3135902963645751E-004
  0.58499999999999996       -1.2065898871238545E-004
  0.58625000000000005       -1.2979211773161969E-004
  0.58750000000000002       -1.6202637250972707E-004
  0.58875000000000000       -1.7691094512173322E-004
  0.58999999999999997       -1.8597559411182019E-004
  0.59125000000000005       -1.6873452020371715E-004
  0.59250000000000003       -1.9197927309388962E-004
  0.59375000000000000       -2.5070451301173469E-004
  0.59499999999999997       -2.8405891180693921E-004
  0.59625000000000006       -2.9593250691661854E-004
  0.59750000000000003       -2.8316019850349594E-004
  0.59875000000000000       -3.1353686184698581E-004
  0.59999999999999998       -3.4775667798764287E-004
  0.60125000000000006       -4.0953799510168309E-004
  0.60250000000000004       -4.9208020667185215E-004
  0.60375000000000001       -5.5642045212289659E-004
  0.60499999999999998       -5.6392458754583874E-004
  0.60625000000000007       -5.9644681796755528E-004
  0.60750000000000004       -6.6893798323297560E-004
  0.60875000000000001       -7.1984373444955452E-004
  0.60999999999999999       -8.1250619515976785E-004
  0.61124999999999996       -1.0262661445900600E-003
  0.61250000000000004       -1.1346920934748317E-003
  0.61375000000000002       -1.0704179743962761E-003
  0.61499999999999999       -1.0807353269304265E-003
  0.61624999999999996       -1.3128699892356877E-003
  0.61750000000000005       -1.5829118869862824E-003
  0.61875000000000002       -1.7169809856734108E-003
  0.62000000000000000       -1.9133850339806413E-003
  0.62124999999999997       -2.2642557254822782E-003
  0.62250000000000005       -2.6099943100409417E-003
  0.62375000000000003       -2.7623517697139000E-003
  0.62500000000000000       -2.8105521032358860E-003
  0.62624999999999997       -3.5291292682903541E-003
  0.62750000000000006       -4.9776034104468403E-003
  0.62875000000000003       -5.7829531617115126E-003
  0.63000000000000000       -6.0704621162736006E-003
  0.63124999999999998       -8.2584389157942528E-003
  0.63250000000000006       -1.2101252140951924E-002
  0.63375000000000004       -1.3814412042460034E-002
  0.63500000000000001       -1.7071496416949994E-002
  0.63624999999999998       -3.2338136744784529E-002
  0.63750000000000007       -6.3198965744635793E-002
  0.63875000000000004       -9.8431848613946604E-002
  0.64000000000000001        3.4004451461017993E-002
  0.64124999999999999        1.4844242274129171E-002
  0.64249999999999996        3.7603621157062395E-003
  0.64375000000000004       -1.0763253761432723E-003
  0.64500000000000002       -2.0329672358994633E-003
  0.64624999999999999       -1.4193631717674959E-003
  0.64749999999999996       -6.6714568457232337E-004
  0.64875000000000005       -2.6424860962565022E-004
  0.65000000000000002       -1.3103962323052221E-004
  0.65125000000000000       -1.1771595979875871E-004
  0.65249999999999997       -1.0837057345775003E-004
  0.65375000000000005       -8.1433130214192406E-005
  0.65500000000000003       -5.4635562412197469E-005
  0.65625000000000000       -2.7322405361018820E-005
  0.65749999999999997       -2.2470080475178733E-006
  0.65875000000000006        9.9152287011405882E-006
  0.66000000000000003        2.1025820417575058E-005
  0.66125000000000000        2.4667441036740900E-005
  0.66249999999999998        2.2099436721878529E-005
  0.66375000000000006        1.3508810429108120E-005
  0.66500000000000004        1.8096000216627495E-006
  0.66625000000000001       -3.4873148139769050E-006
  0.66749999999999998        6.6066640552198130E-006
  0.66875000000000007        1.7475679331691030E-005
  0.67000000000000004        1.3527607087560067E-005
  0.67125000000000001        6.4317018099724343E-006
  0.67249999999999999       -5.9042971610745454E-006
  0.67374999999999996        4.1421958437704021E-006
  0.67500000000000004       -2.1905087946305635E-006
  0.67625000000000002        5.6693027932763762E-006
  0.67749999999999999        9.3094811692839841E-008
  0.67874999999999996       -3.2076541953141025E-006
  0.68000000000000005       -6.4620755580446776E-006
  0.68125000000000002       -5.1655837428610241E-006
  0.68250000000000000        1.3859259925808054E-005
  0.68374999999999997        3.3444290127304654E-006
  0.68500000000000005       -9.5388012671948630E-006
  0.68625000000000003       -1.8908886154522797E-005
  0.68750000000000000       -2.2622561514251682E-005
  0.68874999999999997       -8.0053077336494916E-006
  0.69000000000000006        4.1643619502762519E-007
  0.69125000000000003        1.1424033635742958E-006
  0.69250000000000000       -1.3596872945831340E-005
  0.69374999999999998       -7.4418096854267368E-006
  0.69500000000000006       -1.1553155862376041E-005
  0.69625000000000004       -5.6182026069717672E-006
  0.69750000000000001        1.4464224029619999E-006
  0.69874999999999998       -1.5121705185527912E-005
  0.70000000000000007       -6.8389589825135211E-006
  0.70125000000000004       -3.1340572705373937E-005
  0.70250000000000001        1.7901715465618029E-005
  0.70374999999999999       -6.3606223715817478E-006
  0.70499999999999996        1.2949187817856700E-005
  0.70625000000000004       -3.1046413384416827E-005
  0.70750000000000002       -1.6497160863493399E-005
  0.70874999999999999       -1.3488595433597261E-005
  0.70999999999999996        2.5245870572399021E-006
  0.71125000000000005        1.1730272369281369E-005
  0.71250000000000002       -1.3545461231279088E-005
  0.71375000000000000       -1.0281408996781760E-005
  0.71499999999999997       -1.1425243203244673E-005
  0.71625000000000005       -4.2171951065705926E-006
  0.71750000000000003        1.5547173079610843E-005
  0.71875000000000000       -3.5702121947700505E-006
  0.71999999999999997       -9.1532265839577853E-006
  0.72125000000000006       -3.0652295416488951E-005
  0.72250000000000003       -1.2804564221757797E-005
  0.72375000000000000        1.4493701902706935E-005
  0.72499999999999998        1.9218713909807672E-005
  0.72625000000000006       -2.0356452207770381E-006
  0.72750000000000004       -2.6367142457128789E-005
  0.72875000000000001       -4.2193071319585052E-006
  0.72999999999999998       -1.8550400376404763E-005
  0.73125000000000007        3.1671461586724181E-005
  0.73250000000000004       -3.4220059136891301E-006
  0.73375000000000001        1.5418731036942468E-006
  0.73499999999999999       -1.8663755979475560E-005
  0.73624999999999996       -1.9447826333229834E-006
  0.73750000000000004        2.2186122727085866E-005
  0.73875000000000002        2.2710306993023455E-005
  0.73999999999999999        1.0136878463906651E-005
  0.74124999999999996       -2.7733763840409598E-005
  0.74250000000000005       -1.8464172369114795E-005
  0.74375000000000002        1.0244462096575813E-005
  0.74500000000000000        1.6991714124170443E-005
  0.74624999999999997        3.4581365163932620E-005
  0.74750000000000005       -5.5474350048601018E-006
  0.74875000000000003       -1.6813322609998682E-005
  0.75000000000000000       -1.9297749188018631E-005
  0.75124999999999997       -4.3628003597029341E-006
  0.75250000000000006        5.5027350836123201E-005
  0.75375000000000003       -3.6416871494471259E-005
  0.75500000000000000        5.6468314286184373E-006
  0.75624999999999998        1.4266546732921714E-005
  0.75750000000000006       -1.0177393711713334E-004
  0.75875000000000004       -4.8085654588286841E-004
  0.76000000000000001       -2.5816737033663162E-003
  0.76124999999999998       -1.7704665220645871E-002
  0.76250000000000007       -7.4843255621474425E-002
  0.76375000000000004        1.8446496642284843E-002
  0.76500000000000001        1.7955186988246330E-003
  0.76624999999999999        3.3056252393773300E-004
  0.76750000000000007        9.3431350235567701E-005
  0.76875000000000004       -2.5739781386868721E-006
  0.77000000000000002       -2.2689158567512635E-006
  0.77124999999999999        3.6914244869179491E-007
  0.77249999999999996       -2.9403479635814467E-007
  0.77375000000000005        1.2234649682252297E-008
  0.77500000000000002       -2.8745990268697064E-008
  0.77625000000000000        5.9435114607708783E-009
  0.77749999999999997       -4.4550670375009815E-009
  0.77875000000000005        1.1044869185905526E-009
  0.78000000000000003       -8.3712202447738804E-010
  0.78125000000000000        1.6458520657458564E-010
  0.78249999999999997       -1.1898261542686583E-010
  0.78375000000000006        2.1001173022838771E-011
  0.78500000000000003       -1.4526213565346779E-011
  0.78625000000000000        2.4825419497886969E-012
  0.78749999999999998       -1.6629059240713673E-012
  0.78875000000000006        2.7799984536613920E-013
  0.79000000000000004       -1.8135493107251932E-013
  0.79125000000000001        2.9393154576951019E-014
  0.79249999999999998       -1.8596235662471372E-014
  0.79375000000000007        2.8033131371785203E-015
  0.79500000000000004       -1.4432899320127035E-015
  0.79625000000000001        3.3306690738754696E-016
  0.79749999999999999       -1.1102230246251565E-016
  0.79875000000000007        1.3877787807814457E-016
  0.80000000000000004        0.0000000000000000     
  0.80125000000000002        2.7755575615628914E-016
  0.80249999999999999       -9.7144514654701197E-017
  0.80374999999999996        2.7755575615628914E-017
  0.80500000000000005        2.7755575615628914E-017
  0.80625000000000002        0.0000000000000000     
  0.80750000000000000        8.3266726846886741E-017
  0.80874999999999997        2.7755575615628914E-017
  0.81000000000000005        8.3266726846886741E-017
  0.81125000000000003        1.1102230246251565E-016
  0.81250000000000000        8.3266726846886741E-017
  0.81374999999999997        8.3266726846886741E-017
  0.81500000000000006        2.7755575615628914E-017
  0.81625000000000003        2.7755575615628914E-017
  0.81750000000000000        8.3266726846886741E-017
  0.81874999999999998        1.9428902930940239E-016
  0.82000000000000006        0.0000000000000000     
  0.82125000000000004        0.0000000000000000     
  0.82250000000000001        2.7755575615628914E-017
  0.82374999999999998        2.7755575615628914E-017
  0.82500000000000007        2.7755575615628914E-017
  0.82625000000000004        8.3266726846886741E-017
  0.82750000000000001        8.3266726846886741E-017
  0.82874999999999999        8.3266726846886741E-017
  0.83000000000000007        2.7755575615628914E-017
  0.83125000000000004        2.7755575615628914E-017
  0.83250000000000002        0.0000000000000000     
  0.83374999999999999        2.7755575615628914E-017
  0.83499999999999996       -9.7144514654701197E-017
  0.83625000000000005        3.6082248300317588E-016
  0.83750000000000002        8.3266726846886741E-017
  0.83875000000000000        1.1102230246251565E-016
  0.83999999999999997        1.1102230246251565E-016
  0.84125000000000005        8.3266726846886741E-017
  0.84250000000000003        3.0531133177191805E-016
  0.84375000000000000        3.3306690738754696E-016
  0.84499999999999997        8.3266726846886741E-017
  0.84625000000000006        1.1102230246251565E-016
  0.84750000000000003        2.7755575615628914E-017
  0.84875000000000000        0.0000000000000000     
  0.84999999999999998        0.0000000000000000     
  0.85125000000000006       -6.9388939039072284E-017
  0.85250000000000004       -1.1102230246251565E-016
  0.85375000000000001       -6.9388939039072284E-017
  0.85499999999999998        2.4980018054066022E-016
  0.85625000000000007        1.1102230246251565E-016
  0.85750000000000004       -1.1102230246251565E-016
  0.85875000000000001        0.0000000000000000     
  0.85999999999999999        0.0000000000000000     
  0.86125000000000007       -1.1102230246251565E-016
  0.86250000000000004        0.0000000000000000     
  0.86375000000000002        2.7755575615628914E-017
  0.86499999999999999        1.1102230246251565E-016
  0.86624999999999996        8.3266726846886741E-017
  0.86750000000000005        1.1102230246251565E-016
  0.86875000000000002       -1.3877787807814457E-017
  0.87000000000000000        8.3266726846886741E-017
  0.87124999999999997        8.3266726846886741E-017
  0.87250000000000005        8.3266726846886741E-017
  0.87375000000000003        2.7755575615628914E-017
  0.87500000000000000        8.3266726846886741E-017
  0.87624999999999997       -1.3877787807814457E-017
  0.87750000000000006        1.1102230246251565E-016
  0.87875000000000003        2.7755575615628914E-017
  0.88000000000000000        2.7755575615628914E-017
  0.88124999999999998        2.7755575615628914E-017
  0.88250000000000006        1.1102230246251565E-016
  0.88375000000000004        8.3266726846886741E-017
  0.88500000000000001        8.3266726846886741E-017
  0.88624999999999998        3.0531133177191805E-016
  0.88750000000000007        2.7755575615628914E-017
  0.88875000000000004        0.0000000000000000     
  0.89000000000000001        0.0000000000000000     
  0.89124999999999999        2.7755575615628914E-017
  0.89250000000000007        2.7755575615628914E-017
  0.89375000000000004       -4.1633363423443370E-017
  0.89500000000000002        0.0000000000000000     
  0.89624999999999999       -4.1633363423443370E-017
  0.89749999999999996        2.7755575615628914E-017
  0.89875000000000005        2.7755575615628914E-017
  0.90000000000000002        2.7755575615628914E-017
  0.90125000000000000        2.7755575615628914E-017
  0.90249999999999997        8.3266726846886741E-017
  0.90375000000000005        2.7755575615628914E-017
  0.90500000000000003        8.3266726846886741E-017
  0.90625000000000000        2.7755575615628914E-017
  0.90749999999999997        0.0000000000000000     
  0.90875000000000006       -6.9388939039072284E-017
  0.91000000000000003        2.7755575615628914E-017
  0.91125000000000000        0.0000000000000000     
  0.91249999999999998        1.9428902930940239E-016
  0.91375000000000006        1.1102230246251565E-016
  0.91500000000000004        8.3266726846886741E-017
  0.91625000000000001        8.3266726846886741E-017
  0.91749999999999998        2.7755575615628914E-017
  0.91875000000000007        2.7755575615628914E-017
  0.92000000000000004        8.3266726846886741E-017
  0.92125000000000001        2.7755575615628914E-017
  0.92249999999999999        8.3266726846886741E-017
  0.92375000000000007        1.3877787807814457E-016
  0.92500000000000004        2.7755575615628914E-017
  0.92625000000000002       -1.1102230246251565E-016
  0.92749999999999999        8.3266726846886741E-017
  0.92874999999999996        2.7755575615628914E-017
  0.93000000000000005        2.7755575615628914E-017
  0.93125000000000002        2.7755575615628914E-017
  0.93250000000000000        1.1102230246251565E-016
  0.93374999999999997       -6.9388939039072284E-017
  0.93500000000000005        8.3266726846886741E-017
  0.93625000000000003        2.7755575615628914E-017
  0.93750000000000000       -5.5511151231257827E-017
  0.93874999999999997        0.0000000000000000     
  0.94000000000000006        8.3266726846886741E-017
  0.94125000000000003       -1.3877787807814457E-017
  0.94250000000000000        8.3266726846886741E-017
  0.94374999999999998       -6.9388939039072284E-017
  0.94500000000000006        8.3266726846886741E-017
  0.94625000000000004       -5.5511151231257827E-017
  0.94750000000000001        8.3266726846886741E-017
  0.94874999999999998       -9.7144514654701197E-017
  0.95000000000000007        8.3266726846886741E-017
  0.95125000000000004       -5.5511151231257827E-017
  0.95250000000000001        8.3266726846886741E-017
  0.95374999999999999       -6.9388939039072284E-017
  0.95500000000000007        1.1102230246251565E-016
  0.95625000000000004        0.0000000000000000     
  0.95750000000000002        0.0000000000000000     
  0.95874999999999999        0.0000000000000000     
  0.95999999999999996        0.0000000000000000     
  0.96125000000000005        0.0000000000000000     
  0.96250000000000002        0.0000000000000000     
  0.96375000000000000        0.0000000000000000     
  0.96499999999999997        0.0000000000000000     
  0.96625000000000005        0.0000000000000000     
  0.96750000000000003        0.0000000000000000     
  0.96875000000000000        0.0000000000000000     
  0.96999999999999997        0.0000000000000000     
  0.97125000000000006        0.0000000000000000     
  0.97250000000000003        0.0000000000000000     
  0.97375000000000000        0.0000000000000000     
  0.97499999999999998        0.0000000000000000     
  0.97625000000000006        0.0000000000000000     
  0.97750000000000004        0.0000000000000000     
  0.97875000000000001        0.0000000000000000     
  0.97999999999999998        0.0000000000000000     
  0.98125000000000007        0.0000000000000000     
  0.98250000000000004        0.0000000000000000     
  0.98375000000000001        0.0000000000000000     
  0.98499999999999999        0.0000000000000000     
  0.98625000000000007        0.0000000000000000     
  0.98750000000000004        0.0000000000000000     
  0.98875000000000002        0.0000000000000000     
  0.98999999999999999        0.0000000000000000     
  0.99125000000000008        0.0000000000000000     
  0.99250000000000005        0.0000000000000000     
  0.99375000000000002        2.7755575615628914E-017
  0.99500000000000000        8.3266726846886741E-017
  0.99624999999999997        1.1102230246251565E-016
  0.99750000000000005        4.1633363423443370E-016
  0.99875000000000003        4.7184478546569153E-016
   1.0000000000000000        0.0000000000000000     
