   0.0000000000000000        0.0000000000000000     
   1.2500000000000000E-003  -1.5102517089026178E-087
   2.5000000000000001E-003   5.2858809811591655E-087
   3.7499999999999999E-003  -1.9633272215734042E-086
   5.0000000000000001E-003   7.3247207881777043E-086
   6.2500000000000003E-003  -2.7335555931137417E-085
   7.4999999999999997E-003   1.0201750293637200E-084
   8.7500000000000008E-003  -3.8073445581435043E-084
   1.0000000000000000E-002   1.4209203203210304E-083
   1.1250000000000000E-002  -5.3029468254697713E-083
   1.2500000000000001E-002   1.9790866981558047E-082
   1.3750000000000000E-002  -7.3860521100762476E-082
   1.4999999999999999E-002   2.7565121742149189E-081
   1.6250000000000001E-002  -1.0287443485852043E-080
   1.7500000000000002E-002   3.8393261769193266E-080
   1.8749999999999999E-002  -1.4328560359092116E-079
   2.0000000000000000E-002   5.3474915259449093E-079
   2.1250000000000002E-002  -1.9957110067870428E-078
   2.2499999999999999E-002   7.4480948745536899E-078
   2.3750000000000000E-002  -2.7796668491427687E-077
   2.5000000000000001E-002   1.0373857909115710E-076
   2.6249999999999999E-002  -3.8715764787320116E-076
   2.7500000000000000E-002   1.4448920124016461E-075
   2.8750000000000001E-002  -5.3924104017333839E-075
   2.9999999999999999E-002   2.0124749594531917E-074
   3.1250000000000000E-002  -7.5106587976394205E-074
   3.2500000000000001E-002   2.8030160231104487E-073
   3.3750000000000002E-002  -1.0460998212677857E-072
   3.5000000000000003E-002   3.9040976827600991E-072
   3.6249999999999998E-002  -1.4570290909772646E-071
   3.7499999999999999E-002   5.4377065956330359E-071
   3.8750000000000000E-002  -2.0293797291554880E-070
   4.0000000000000001E-002   7.5737482570586493E-070
   4.1250000000000002E-002  -2.8265613299079110E-069
   4.2500000000000003E-002   1.0548870493925783E-068
   4.3750000000000004E-002  -3.9368920645795243E-068
   4.4999999999999998E-002   1.4692681208925553E-067
   4.6249999999999999E-002  -5.4833832771122538E-067
   4.7500000000000001E-002   2.0464264987556461E-066
   4.8750000000000002E-002  -7.6373676673113617E-066
   5.0000000000000003E-002   2.8503044170489808E-065
   5.1250000000000004E-002  -1.0637480901464789E-064
   5.2499999999999998E-002   3.9699619188810283E-064
   5.3749999999999999E-002  -1.4816099585377592E-063
   5.5000000000000000E-002   5.5294436422629354E-063
   5.6250000000000001E-002  -2.0636164610513991E-062
   5.7500000000000002E-002   7.7015214799793026E-062
   5.8750000000000004E-002  -2.8742469458865824E-061
   5.9999999999999998E-002   1.0726835635548425E-060
   6.1249999999999999E-002  -4.0033095596307008E-060
   6.2500000000000000E-002   1.4940554674967963E-059
   6.3750000000000001E-002  -5.5758909140241169E-059
   6.5000000000000002E-002   2.0809508188599674E-058
   6.6250000000000003E-002  -7.7662141840374579E-058
   6.7500000000000004E-002   2.8983905917289869E-057
   6.8750000000000006E-002  -1.0816940948512204E-056
   7.0000000000000007E-002   4.0369373202319832E-056
   7.1250000000000008E-002  -1.5066055186076714E-055
   7.2499999999999995E-002   5.6227283424075166E-055
   7.3749999999999996E-002  -2.0984307851022293E-054
   7.4999999999999997E-002   7.8314503061681686E-054
   7.6249999999999998E-002  -2.9227370439570451E-053
   7.7499999999999999E-002   1.0907803145211361E-052
   7.8750000000000001E-002  -4.0708475536888416E-052
   8.0000000000000002E-002   1.5192609900234228E-051
   8.1250000000000003E-002  -5.6699592047248089E-051
   8.2500000000000004E-002   2.1160575828875824E-050
   8.3750000000000005E-002  -7.8972344110778473E-050
   8.5000000000000006E-002   2.9472880061423807E-049
   8.6250000000000007E-002  -1.0999428583461744E-048
   8.7500000000000008E-002   4.1050426327704606E-048
   8.8749999999999996E-002  -1.5320227672735746E-047
   8.9999999999999997E-002   5.7175868058172252E-047
   9.1249999999999998E-002  -2.1338324455995323E-046
   9.2499999999999999E-002   7.9635711018164089E-046
   9.3750000000000000E-002  -2.9720451961666110E-045
   9.5000000000000001E-002   1.1091823674484801E-044
   9.6250000000000002E-002  -4.1395249501772598E-044
   9.7500000000000003E-002   1.5448917433260565E-043
   9.8750000000000004E-002  -5.7656144782865022E-043
  0.10000000000000001        2.1517566169819950E-042
  0.10125000000000001       -8.0304650200993267E-042
  0.10250000000000001        2.9970103463415327E-041
  0.10375000000000001       -1.1184994883356200E-040
  0.10500000000000000        4.1742969187083484E-040
  0.10625000000000000       -1.5578688186497693E-039
  0.10750000000000000        5.8140455827282445E-039
  0.10875000000000000       -2.1698313512263212E-038
  0.11000000000000000        8.0979208466324650E-038
  0.11125000000000000       -3.0221852035303538E-037
  0.11250000000000000        1.1278948729458171E-036
  0.11375000000000000       -4.2093609714302326E-036
  0.11500000000000000        1.5709549012775117E-035
  0.11625000000000001       -5.8628835079670249E-035
  0.11750000000000001        2.1880579130590594E-034
  0.11875000000000001       -8.1659433014395337E-034
  0.12000000000000000        3.0475715292699253E-033
  0.12125000000000000       -1.1373691786935689E-032
  0.12250000000000000        4.2447195618472835E-032
  0.12375000000000000       -1.5841509068695567E-031
  0.12500000000000000        5.9121316712935003E-031
  0.12625000000000000       -2.2064375778304451E-030
  0.12750000000000000        8.2345371441924316E-030
  0.12875000000000000       -3.0731710998939279E-029
  0.13000000000000000        1.1469230685156471E-028
  0.13125000000000001       -4.2803751640731963E-028
  0.13250000000000001        1.5974577587777142E-027
  0.13375000000000001       -5.9617935187035372E-027
  0.13500000000000001        2.2249716316036442E-026
  0.13625000000000001       -8.3037071745442225E-026
  0.13750000000000001        3.0989857066573252E-025
  0.13875000000000001       -1.1565572109174878E-024
  0.14000000000000001        4.3163302730042186E-024
  0.14125000000000001       -1.6108763881099389E-023
  0.14250000000000002        6.0118725251393361E-023
  0.14375000000000002       -2.2436613712447405E-022
  0.14499999999999999        8.3734582324651158E-022
  0.14624999999999999       -3.1250171558615405E-021
  0.14749999999999999        1.1662722800199651E-020
  0.14874999999999999       -4.3525874044937071E-020
  0.14999999999999999        1.6244077337954866E-019
  0.15125000000000000       -6.0623721947325755E-019
  0.15250000000000000        2.2625081045134816E-018
  0.15375000000000000       -8.4437951985806712E-018
  0.15500000000000000        3.1512672689809214E-017
  0.15625000000000000       -1.1760689556065616E-016
  0.15750000000000000        2.1182155194306341E-016
  0.15875000000000000       -2.9824360696216635E-016
  0.16000000000000000        4.3510814423767526E-016
  0.16125000000000000       -3.5010261546407965E-016
  0.16250000000000001        4.1926773370419062E-016
  0.16375000000000001       -2.1214264354271504E-016
  0.16500000000000001        1.5584561760644005E-016
  0.16625000000000001       -4.6330189483810218E-017
  0.16750000000000001        6.7177627199991929E-018
  0.16875000000000001       -3.2857014002219120E-018
  0.17000000000000001       -1.9835722248217846E-016
  0.17125000000000001        3.9773605835097632E-019
  0.17250000000000001        1.9678618576075454E-016
  0.17375000000000002       -5.9493700189082853E-017
  0.17500000000000002       -1.1806419867209086E-016
  0.17624999999999999        3.1557926642524710E-016
  0.17749999999999999        7.5427258137694116E-017
  0.17874999999999999       -1.1360039721940567E-016
  0.17999999999999999       -2.4639774368307440E-016
  0.18124999999999999       -2.3134616964169721E-016
  0.18250000000000000        6.1983407601948551E-017
  0.18375000000000000       -1.6592039078038232E-017
  0.18500000000000000        4.4253723999848363E-018
  0.18625000000000000       -1.1733815442482677E-018
  0.18750000000000000        3.0228050615732823E-019
  0.18875000000000000       -9.8069911942229433E-020
  0.19000000000000000        9.1129539610780516E-020
  0.19125000000000000       -2.7952354830715104E-019
  0.19250000000000000        9.9776656829068629E-019
  0.19375000000000001       -3.6642570875264594E-018
  0.19500000000000001        1.3656157532637557E-017
  0.19625000000000001       -2.8181085689517776E-017
  0.19750000000000001        9.9079670575545149E-017
  0.19875000000000001       -2.3213934391957678E-016
  0.20000000000000001        2.8431740334993780E-016
  0.20125000000000001       -5.4110539222188962E-016
  0.20250000000000001        5.7454301256954010E-017
  0.20375000000000001       -3.6346539528279279E-016
  0.20500000000000002       -6.4702576327555525E-016
  0.20625000000000002        2.1242543286856596E-016
  0.20750000000000002       -2.4263258075260371E-016
  0.20874999999999999       -4.9864512799326557E-016
  0.20999999999999999       -1.3455759083567465E-016
  0.21124999999999999       -2.8294909110494072E-016
  0.21249999999999999        3.9430410574156378E-016
  0.21375000000000000        3.2858991588767554E-016
  0.21500000000000000        4.0434448735475701E-016
  0.21625000000000000       -5.3336798046798838E-016
  0.21750000000000000        8.2256047753148227E-016
  0.21875000000000000       -8.3043806454543675E-016
  0.22000000000000000        8.0737305009593405E-016
  0.22125000000000000       -8.2235576629711776E-016
  0.22250000000000000        6.4556042058512713E-016
  0.22375000000000000       -1.0817829772469270E-015
  0.22500000000000001        1.1880205164590105E-015
  0.22625000000000001       -1.3262522511969181E-015
  0.22750000000000001        4.1922765137414969E-016
  0.22875000000000001       -1.3009248799032515E-015
  0.23000000000000001        1.1771303345679022E-015
  0.23125000000000001       -1.5880716050929516E-015
  0.23250000000000001        1.2398472888421401E-015
  0.23375000000000001       -1.3050588127532121E-015
  0.23500000000000001        1.0714208350052507E-015
  0.23625000000000002       -1.1436005186778752E-015
  0.23750000000000002        1.0405694032745904E-015
  0.23875000000000002       -1.0794101510900810E-016
  0.23999999999999999        1.6635974860274076E-015
  0.24124999999999999       -3.7598914563924785E-015
  0.24249999999999999        8.2525238084709063E-015
  0.24374999999999999       -6.4802446254852509E-015
  0.24500000000000000        2.5370539181946058E-014
  0.24625000000000000       -1.4232204438011430E-014
  0.24750000000000000        7.1244999997922686E-014
  0.24875000000000000       -4.0539346725755801E-014
  0.25000000000000000        2.1659728881941854E-013
  0.25125000000000003       -1.2867716787225779E-013
  0.25250000000000000        6.5607984113061887E-013
  0.25375000000000003       -3.8616435494464607E-013
  0.25500000000000000        1.9366443903881918E-012
  0.25624999999999998       -1.1008481163109013E-012
  0.25750000000000001        5.5817718465899368E-012
  0.25874999999999998       -3.0860677941978102E-012
  0.26000000000000001        1.5775218639165792E-011
  0.26124999999999998       -8.4751462180850396E-012
  0.26250000000000001        4.3680617263520187E-011
  0.26374999999999998       -2.2790188417788970E-011
  0.26500000000000001        1.1841743968023957E-010
  0.26624999999999999       -5.9929906828249605E-011
  0.26750000000000002        3.1406865131146474E-010
  0.26874999999999999       -1.5397251104387490E-010
  0.27000000000000002        8.1429344126952083E-010
  0.27124999999999999       -3.8593232364002330E-010
  0.27250000000000002        2.0617117249296595E-009
  0.27374999999999999       -9.4752455167448121E-010
  0.27500000000000002        5.0991394062527183E-009
  0.27625000000000000       -2.2242626191607939E-009
  0.27750000000000002        1.2247296524328878E-008
  0.27875000000000000       -5.1272509738914650E-009
  0.28000000000000003        2.8692071445936965E-008
  0.28125000000000000       -1.1481833758870039E-008
  0.28250000000000003        6.5356637659750364E-008
  0.28375000000000000       -2.4900963429886271E-008
  0.28500000000000003        1.4447848786952130E-007
  0.28625000000000000       -5.2165227928467059E-008
  0.28750000000000003        3.0934618581990241E-007
  0.28875000000000001       -1.0525234902586572E-007
  0.28999999999999998        6.4002358168483821E-007
  0.29125000000000001       -2.0381860641739466E-007
  0.29249999999999998        1.2758391287235707E-006
  0.29375000000000001       -3.7734218289323525E-007
  0.29499999999999998        2.4414130569682581E-006
  0.29625000000000001       -6.6524311671534433E-007
  0.29749999999999999        4.4616544605781012E-006
  0.29875000000000002       -1.1225204980183121E-006
  0.29999999999999999        7.7387114099442523E-006
  0.30125000000000002       -1.8123381009367942E-006
  0.30249999999999999        1.2512951948125172E-005
  0.30375000000000002       -3.3355172848753379E-006
  0.30499999999999999        1.8433267046575667E-005
  0.30625000000000002       -1.1624729603666878E-005
  0.30750000000000000        3.1497871249214877E-005
  0.30875000000000002       -4.7797361853970673E-005
  0.31000000000000000        7.9773978623525529E-005
  0.31125000000000003       -1.3034178646167101E-004
  0.31250000000000000        5.6694836109141411E-005
  0.31375000000000003       -2.1267662651647655E-004
  0.31500000000000000       -6.6440019028583052E-005
  0.31625000000000003        2.3632976736389226E-004
  0.31750000000000000        1.8021768881226136E-003
  0.31875000000000003        4.1915881722906414E-003
  0.32000000000000001        8.0909688524979911E-003
  0.32124999999999998        1.2669370121054161E-002
  0.32250000000000001        1.8244028927190594E-002
  0.32374999999999998        1.6955266699831113E-002
  0.32500000000000001        1.6101722217512899E-002
  0.32624999999999998        1.5148837802365690E-002
  0.32750000000000001        1.4669722752836539E-002
  0.32874999999999999        1.3913673178733661E-002
  0.33000000000000002        1.3496883727246729E-002
  0.33124999999999999        1.2896019518107170E-002
  0.33250000000000002        1.2654542165057389E-002
  0.33374999999999999        1.2105919975319249E-002
  0.33500000000000002        1.1807753826419798E-002
  0.33624999999999999        1.1331999312746255E-002
  0.33750000000000002        1.1153159581321542E-002
  0.33875000000000000        1.0648186645099311E-002
  0.34000000000000002        1.0386385155156219E-002
  0.34125000000000000        9.9015694249812575E-003
  0.34250000000000003        9.7392697681749213E-003
  0.34375000000000000        9.2067620766096842E-003
  0.34500000000000003        8.9220948251145238E-003
  0.34625000000000000        8.4173555912682024E-003
  0.34750000000000003        8.2263357324031672E-003
  0.34875000000000000        7.6789623197563717E-003
  0.35000000000000003        7.3858594967666225E-003
  0.35125000000000001        6.8832724134208767E-003
  0.35249999999999998        6.6890121321014351E-003
  0.35375000000000001        6.2051580546115814E-003
  0.35499999999999998        5.9515090234253110E-003
  0.35625000000000001        5.4964982164113496E-003
  0.35749999999999998        5.3873354634939030E-003
  0.35875000000000001        4.9929047267209814E-003
  0.35999999999999999        4.8432791078460158E-003
  0.36125000000000002        4.4614514794945326E-003
  0.36249999999999999        4.4358444748801296E-003
  0.36375000000000002        4.1482881204197297E-003
  0.36499999999999999        4.0958261307302846E-003
  0.36625000000000002        3.7505277276750626E-003
  0.36749999999999999        3.8307257636423508E-003
  0.36875000000000002        3.5255731925613043E-003
  0.37000000000000000        3.6259155455400094E-003
  0.37125000000000002        3.1860609828683328E-003
  0.37250000000000000        3.5731578035236300E-003
  0.37375000000000003        3.2367182329341992E-003
  0.37500000000000000        3.6891393232788283E-003
  0.37625000000000003        2.6967700167844222E-003
  0.37750000000000000        2.5987606326225154E-003
  0.37875000000000003        1.2568959542627323E-003
  0.38000000000000000        1.1235273075856367E-003
  0.38125000000000003       -2.9247639488610977E-004
  0.38250000000000001       -1.0799519176835082E-004
  0.38375000000000004       -8.7785257920819371E-004
  0.38500000000000001        3.1099969408532324E-005
  0.38624999999999998       -8.4039250642647945E-004
  0.38750000000000001       -1.0810370237229749E-004
  0.38874999999999998       -1.0677948188185793E-003
  0.39000000000000001       -4.2110190704230943E-004
  0.39124999999999999       -1.3562466532824335E-003
  0.39250000000000002       -5.9318025496529758E-004
  0.39374999999999999       -1.4587304002138257E-003
  0.39500000000000002       -4.7442956549459403E-004
  0.39624999999999999       -1.4702053316544283E-003
  0.39750000000000002       -5.4598790907750550E-004
  0.39874999999999999       -1.6448762438585618E-003
  0.40000000000000002       -9.2753236698112085E-004
  0.40125000000000000       -2.0071404547807870E-003
  0.40250000000000002       -1.3757242809411263E-003
  0.40375000000000000       -2.3588213932333457E-003
  0.40500000000000003       -1.5867715882557087E-003
  0.40625000000000000       -2.3896959626409364E-003
  0.40750000000000003       -1.6020174981902224E-003
  0.40875000000000000       -2.3429065959468809E-003
  0.41000000000000003       -1.6155167363530176E-003
  0.41125000000000000       -2.3190716901059227E-003
  0.41250000000000003       -1.4226638915803003E-003
  0.41375000000000001       -2.1035931770265748E-003
  0.41500000000000004       -1.4115841583638988E-003
  0.41625000000000001       -1.9861276453656540E-003
  0.41749999999999998       -1.2943534441173243E-003
  0.41875000000000001       -1.8534651458836371E-003
  0.41999999999999998       -1.1013939541739681E-003
  0.42125000000000001       -1.8117647486391997E-003
  0.42249999999999999       -1.1973148007940471E-003
  0.42375000000000002       -1.6989585108718175E-003
  0.42499999999999999       -1.0873983263323672E-003
  0.42625000000000002       -1.7012046388873436E-003
  0.42749999999999999       -1.0366659751671059E-003
  0.42875000000000002       -1.6602373371694124E-003
  0.42999999999999999       -1.1172983559318284E-003
  0.43125000000000002       -1.5843673235714228E-003
  0.43250000000000000       -9.5032284169088710E-004
  0.43375000000000002       -1.6806466844955237E-003
  0.43500000000000000       -1.0574922421881516E-003
  0.43625000000000003       -1.4549692651411039E-003
  0.43750000000000000       -8.9384488493493564E-004
  0.43875000000000003       -1.5375796371444594E-003
  0.44000000000000000       -8.9537159937480570E-004
  0.44125000000000003       -1.3843622886274276E-003
  0.44250000000000000       -8.7349478213522014E-004
  0.44375000000000003       -1.4040913581861436E-003
  0.44500000000000001       -7.4886469159179958E-004
  0.44625000000000004       -1.3017832415626041E-003
  0.44750000000000001       -8.3729954774569570E-004
  0.44874999999999998       -1.3117916501768634E-003
  0.45000000000000001       -6.0898606753029272E-004
  0.45124999999999998       -1.1761022686175293E-003
  0.45250000000000001       -7.1301160376668893E-004
  0.45374999999999999       -1.2541203846284654E-003
  0.45500000000000002       -5.0635597033554802E-004
  0.45624999999999999       -1.0730396045660062E-003
  0.45750000000000002       -5.6222654585880161E-004
  0.45874999999999999       -1.1180497701739900E-003
  0.46000000000000002       -4.2433227194144107E-004
  0.46124999999999999       -9.8312713978077060E-004
  0.46250000000000002       -3.9576408996444545E-004
  0.46375000000000000       -9.3575094147246851E-004
  0.46500000000000002       -2.2136541282313793E-004
  0.46625000000000000       -7.3562623852679865E-004
  0.46750000000000003       -1.7699582076724507E-004
  0.46875000000000000       -6.8346236775757019E-004
  0.47000000000000003        3.3393057302821827E-005
  0.47125000000000000       -4.6038253085561864E-004
  0.47250000000000003       -2.1857115649104308E-004
  0.47375000000000000       -9.4618186632855483E-004
  0.47500000000000003       -6.1434947019184394E-004
  0.47625000000000001       -6.1570781066611069E-005
  0.47750000000000004       -4.7499451665600212E-004
  0.47875000000000001       -2.7279874864860609E-004
  0.47999999999999998       -7.0250258315696090E-005
  0.48125000000000001       -2.2223775317281591E-004
  0.48249999999999998       -2.2698190077308222E-004
  0.48375000000000001       -4.7137491307996937E-004
  0.48499999999999999       -2.4456115556270586E-004
  0.48625000000000002       -1.0377835915881262E-004
  0.48749999999999999       -1.6084137888389138E-004
  0.48875000000000002       -3.5342926097492455E-004
  0.48999999999999999       -3.4042422905278258E-004
  0.49125000000000002       -3.3285089832302273E-005
  0.49249999999999999        2.9900859622289389E-005
  0.49375000000000002        2.0854865202868389E-005
  0.49500000000000000        8.3595497903765636E-005
  0.49625000000000002        8.4385366215689039E-005
  0.49750000000000000        2.9020586940542437E-005
  0.49875000000000003        1.3342929062631903E-005
  0.50000000000000000        3.5711829108886484E-005
  0.50124999999999997        6.1015590135160558E-005
  0.50250000000000006        3.4300829492572849E-005
  0.50375000000000003       -1.0048180392074890E-005
  0.50500000000000000       -3.8340442930495655E-005
  0.50624999999999998       -5.9936673847960087E-006
  0.50750000000000006        5.7833059188272529E-006
  0.50875000000000004       -1.8464915044202890E-005
  0.51000000000000001       -3.2853828542289687E-005
  0.51124999999999998       -5.4682256589611011E-005
  0.51249999999999996       -1.6755451123229292E-005
  0.51375000000000004       -1.5551758486942457E-005
  0.51500000000000001       -2.4474354288095412E-005
  0.51624999999999999       -5.3157141574833311E-005
  0.51749999999999996       -3.4643032649550598E-005
  0.51875000000000004       -1.3281638469031520E-005
  0.52000000000000002       -6.4501424469343149E-006
  0.52124999999999999       -2.9942773326685490E-005
  0.52249999999999996       -6.0087847385092985E-005
  0.52375000000000005       -3.3059291567327787E-005
  0.52500000000000002        1.3402084323321795E-005
  0.52625000000000000        1.3514107025658362E-006
  0.52749999999999997       -2.2376235737753269E-005
  0.52875000000000005       -6.9901238193947890E-005
  0.53000000000000003       -4.9063022342088480E-005
  0.53125000000000000       -1.6088264755076409E-005
  0.53249999999999997        1.0915512794140714E-005
  0.53375000000000006       -2.1988091313207558E-005
  0.53500000000000003       -7.1823961823258564E-005
  0.53625000000000000       -8.0520900197444956E-005
  0.53749999999999998       -4.6742220697670867E-005
  0.53875000000000006       -1.9677878005941452E-006
  0.54000000000000004       -1.7425097778800414E-005
  0.54125000000000001       -6.4475417617781972E-005
  0.54249999999999998       -8.7119560301607279E-005
  0.54375000000000007       -4.7680499693170120E-005
  0.54500000000000004       -3.8629625742081508E-006
  0.54625000000000001       -1.4685593629770732E-005
  0.54749999999999999       -6.0180911204132936E-005
  0.54874999999999996       -1.0464034108426112E-004
  0.55000000000000004       -6.9650222730421874E-005
  0.55125000000000002       -1.1074344505979106E-005
  0.55249999999999999       -2.5042415097153992E-007
  0.55374999999999996       -5.4102665375921344E-005
  0.55500000000000005       -1.1680147578568834E-004
  0.55625000000000002       -9.4414110455687261E-005
  0.55750000000000000       -6.9454240687605306E-006
  0.55874999999999997        1.3042162150089798E-005
  0.56000000000000005       -2.8564547277287744E-005
  0.56125000000000003       -1.0430457436666485E-004
  0.56250000000000000       -9.6943009909977729E-005
  0.56374999999999997       -4.5846899789814266E-005
  0.56500000000000006       -1.4494345651483442E-005
  0.56625000000000003       -3.7825105709987650E-005
  0.56750000000000000       -7.6549265472958261E-005
  0.56874999999999998       -7.5284877459114163E-005
  0.57000000000000006       -7.6170348484339012E-005
  0.57125000000000004       -4.8991826484878764E-005
  0.57250000000000001       -7.2121454936957541E-005
  0.57374999999999998       -7.1495882510930198E-005
  0.57500000000000007       -8.7793102120592437E-005
  0.57625000000000004       -8.6244606100960297E-005
  0.57750000000000001       -7.5869599250211195E-005
  0.57874999999999999       -7.6093939971211277E-005
  0.57999999999999996       -9.0666714516351998E-005
  0.58125000000000004       -1.1115975088005214E-004
  0.58250000000000002       -1.3193606470468522E-004
  0.58374999999999999       -1.2199537130114235E-004
  0.58499999999999996       -1.2038337407038746E-004
  0.58625000000000005       -1.1686877469102575E-004
  0.58750000000000002       -1.4508228513820942E-004
  0.58875000000000000       -1.5360641431871880E-004
  0.58999999999999997       -1.8038251783186743E-004
  0.59125000000000005       -1.6834800016052309E-004
  0.59250000000000003       -1.7850563917731765E-004
  0.59375000000000000       -2.0096750975823197E-004
  0.59499999999999997       -2.3471992621082460E-004
  0.59625000000000006       -2.9007356768423476E-004
  0.59750000000000003       -2.8379263193245574E-004
  0.59875000000000000       -2.9236613369765241E-004
  0.59999999999999998       -3.0518659226980160E-004
  0.60125000000000006       -3.7425522493522712E-004
  0.60250000000000004       -4.6529594531702356E-004
  0.60375000000000001       -5.2098863568317277E-004
  0.60499999999999998       -5.2170260003869817E-004
  0.60625000000000007       -5.5034428390499102E-004
  0.60750000000000004       -6.2147847326382566E-004
  0.60875000000000001       -6.6755836643173083E-004
  0.60999999999999999       -7.3515721018013735E-004
  0.61124999999999996       -9.4553772353822563E-004
  0.61250000000000004       -1.0551820695443581E-003
  0.61375000000000002       -1.0075160374951042E-003
  0.61499999999999999       -9.9566484581625758E-004
  0.61624999999999996       -1.2032398414969503E-003
  0.61750000000000005       -1.4758260290435032E-003
  0.61875000000000002       -1.6080824383945536E-003
  0.62000000000000000       -1.7808493216452392E-003
  0.62124999999999997       -2.0869542368013860E-003
  0.62250000000000005       -2.4103409954441268E-003
  0.62375000000000003       -2.5719295251436236E-003
  0.62500000000000000       -2.6092120046410372E-003
  0.62624999999999997       -3.2647382855354734E-003
  0.62750000000000006       -4.5913577040074816E-003
  0.62875000000000003       -5.3597119392369552E-003
  0.63000000000000000       -5.6417282116220102E-003
  0.63124999999999998       -7.6720692330626838E-003
  0.63250000000000006       -1.1208471768957284E-002
  0.63375000000000004       -1.2810487841102836E-002
  0.63500000000000001       -1.5836210454561739E-002
  0.63624999999999998       -2.9991763708542452E-002
  0.63750000000000007       -5.8611829687768680E-002
  0.63875000000000004       -9.1289195778437804E-002
  0.64000000000000001        3.1533498074579197E-002
  0.64124999999999999        1.3765358864360561E-002
  0.64249999999999996        3.4866291137405081E-003
  0.64375000000000004       -9.8850302495245845E-004
  0.64500000000000002       -1.8704376937451750E-003
  0.64624999999999999       -1.3068190220011655E-003
  0.64749999999999996       -6.2783457145412780E-004
  0.64875000000000005       -2.5915219953867585E-004
  0.65000000000000002       -1.3079571507362830E-004
  0.65125000000000000       -9.6688322229587786E-005
  0.65249999999999997       -9.0008791420626011E-005
  0.65375000000000005       -7.5637529117655866E-005
  0.65500000000000003       -5.9824185826062859E-005
  0.65625000000000000       -2.8324090779408007E-005
  0.65749999999999997       -7.6472095293933506E-006
  0.65875000000000006        1.6099344526482318E-005
  0.66000000000000003        2.4210452926415327E-005
  0.66125000000000000        2.7627594006207623E-005
  0.66249999999999998        1.7876669565819459E-005
  0.66375000000000006        9.4780065725830198E-006
  0.66500000000000004        1.0358594845855107E-005
  0.66625000000000001        7.8674329261896325E-006
  0.66749999999999998        1.0063751165412249E-005
  0.66875000000000007        1.1951810540367092E-005
  0.67000000000000004        6.8913742194420813E-006
  0.67125000000000001        1.0202700031991530E-005
  0.67249999999999999       -5.0955236207406163E-006
  0.67374999999999996        4.1854838365995573E-006
  0.67500000000000004       -1.3417868607812355E-005
  0.67625000000000002        5.0093345324575544E-007
  0.67749999999999999       -4.2957644880159407E-006
  0.67874999999999996        4.7825034000525957E-006
  0.68000000000000005        7.1810610254852136E-006
  0.68125000000000002       -5.9183554171893249E-006
  0.68250000000000000        6.6281449398464254E-006
  0.68374999999999997       -1.3053175440896903E-005
  0.68500000000000005        4.8458578278953723E-006
  0.68625000000000003       -2.7565389926209605E-006
  0.68750000000000000       -8.8526095505248037E-006
  0.68874999999999997       -9.6557910494177168E-006
  0.69000000000000006       -2.1862557795016002E-005
  0.69125000000000003       -1.7967813483732442E-006
  0.69250000000000000       -1.0238175981891473E-005
  0.69374999999999998        1.3911704195290753E-006
  0.69500000000000006       -7.2838156906507301E-006
  0.69625000000000004       -1.2873121409767707E-005
  0.69750000000000001       -2.1512796437028747E-006
  0.69874999999999998       -2.3261729365092743E-005
  0.70000000000000007        2.1602471036746840E-005
  0.70125000000000004       -3.0158711756156364E-005
  0.70250000000000001        2.9145556197235356E-005
  0.70374999999999999       -4.0210141249996667E-005
  0.70499999999999996        1.7668830167849592E-005
  0.70625000000000004       -2.3599818170155773E-005
  0.70750000000000002        1.4285026779442545E-005
  0.70874999999999999       -4.4778437696679774E-006
  0.70999999999999996       -6.7014788467656405E-006
  0.71125000000000005       -1.3691639617896545E-006
  0.71250000000000002       -2.2140215046456690E-005
  0.71375000000000000        1.0316717944242049E-005
  0.71499999999999997        4.5171390100628983E-007
  0.71625000000000005       -5.8005369903413317E-006
  0.71750000000000003        1.3965519382264091E-005
  0.71875000000000000       -2.3120807448068215E-005
  0.71999999999999997        1.7979249705424305E-005
  0.72125000000000006       -1.4920915185290262E-005
  0.72250000000000003        8.3409842337456297E-006
  0.72375000000000000       -2.1958916420206087E-006
  0.72499999999999998       -5.3658488852192932E-007
  0.72625000000000006        2.6019824155010252E-006
  0.72750000000000004       -7.5338271686709035E-006
  0.72875000000000001        3.7063466149150903E-005
  0.72999999999999998       -2.0707245649231876E-005
  0.73125000000000007        3.0946459840197615E-005
  0.73250000000000004       -2.3782231601404691E-005
  0.73375000000000001        3.3704384562294187E-005
  0.73499999999999999        3.4735183613299192E-006
  0.73624999999999996        9.8554033650666284E-006
  0.73750000000000004        3.1563941079226776E-005
  0.73875000000000002       -3.3049822992792244E-006
  0.73999999999999999        1.6795882607556489E-005
  0.74124999999999996        1.5058304332321581E-005
  0.74250000000000005        1.2464109641591170E-005
  0.74375000000000002        5.2193958799490181E-005
  0.74500000000000000       -3.8699067843733781E-005
  0.74624999999999997        3.4403682467876173E-005
  0.74750000000000005       -9.1039668572157062E-006
  0.74875000000000003        4.6582274862178030E-005
  0.75000000000000000       -2.1416641344973453E-005
  0.75124999999999997        4.1066760347596709E-006
  0.75250000000000006        3.1618873358396637E-005
  0.75375000000000003       -1.4671726985260314E-004
  0.75500000000000000        1.3801655618639330E-004
  0.75624999999999998        6.2441413287761538E-005
  0.75750000000000006       -2.2815026198322319E-004
  0.75875000000000004       -1.0583881673764672E-003
  0.76000000000000001       -5.9102210705553326E-003
  0.76124999999999998       -3.9201105322772128E-002
  0.76250000000000007      -0.14648105521484028     
  0.76375000000000004        2.2359508911290984E-002
  0.76500000000000001        2.3482171485749107E-003
  0.76624999999999999        3.4471264995669654E-004
  0.76750000000000007        1.2928118687820494E-004
  0.76875000000000004       -9.4524032432715329E-006
  0.77000000000000002       -5.9831053540024885E-007
  0.77124999999999999        3.3480784215532914E-007
  0.77249999999999996       -2.4076824273337704E-007
  0.77375000000000005        1.9874795150890143E-008
  0.77500000000000002       -2.3589902395496491E-008
  0.77625000000000000       -1.3734614375024350E-009
  0.77749999999999997        2.2850740750875297E-009
  0.77875000000000005       -1.3931470063327601E-009
  0.78000000000000003        7.8118361244173888E-010
  0.78125000000000000       -1.9407318813944457E-010
  0.78249999999999997        1.1965356262862697E-010
  0.78375000000000006       -2.4468622376788343E-011
  0.78500000000000003        1.4896520480402000E-011
  0.78625000000000000       -2.8281487422667817E-012
  0.78749999999999998        1.7247671210542167E-012
  0.78875000000000006       -3.1089197367558880E-013
  0.79000000000000004        1.8941973335069826E-013
  0.79125000000000001       -3.2403647120121578E-014
  0.79249999999999998        1.9552745756084092E-014
  0.79375000000000007       -2.9816052914630139E-015
  0.79500000000000004        1.6225262293272914E-015
  0.79625000000000001       -2.9507453742843779E-016
  0.79749999999999999        2.2548953516262242E-016
  0.79875000000000007       -1.8604492514743055E-016
  0.80000000000000004        3.0647528017830477E-016
  0.80125000000000002       -1.9389561472450584E-016
  0.80249999999999999        1.6833451641934619E-017
  0.80374999999999996       -8.6821161069702462E-017
  0.80500000000000005       -5.6728216451481164E-017
  0.80625000000000002       -7.7357604538594654E-017
  0.80750000000000000       -6.0710597540473046E-017
  0.80874999999999997       -4.5480105822010672E-017
  0.81000000000000005        1.1341122417595462E-016
  0.81125000000000003        1.1372202605099025E-016
  0.81250000000000000        1.0921402438188661E-016
  0.81374999999999997        1.2432020639594839E-016
  0.81500000000000006        8.3486045660976863E-017
  0.81625000000000003        1.7768937472006621E-017
  0.81750000000000000        6.0687254451506215E-017
  0.81874999999999998        4.9510828056339458E-017
  0.82000000000000006       -1.2581356327337846E-017
  0.82125000000000004        5.9397473719423727E-017
  0.82250000000000001        1.0153316901756675E-016
  0.82374999999999998       -2.5694151873056530E-018
  0.82500000000000007        3.9711074155467350E-017
  0.82625000000000004       -3.3413982569020794E-017
  0.82750000000000001        8.8655494262881719E-017
  0.82874999999999999        4.7460130055726872E-017
  0.83000000000000007        2.1233458481611079E-017
  0.83125000000000004       -3.6322612210152568E-017
  0.83250000000000002       -5.1061080223215355E-017
  0.83374999999999999       -5.1084977506005598E-017
  0.83499999999999996        3.9254361192141934E-017
  0.83625000000000005       -1.0501738401347924E-016
  0.83750000000000002       -7.4765474934660519E-017
  0.83875000000000000       -7.8249296927893647E-017
  0.83999999999999997       -2.1077851369128422E-017
  0.84125000000000005       -3.9903697416824767E-017
  0.84250000000000003       -1.1680775158063959E-016
  0.84375000000000000        1.8503655393808784E-017
  0.84499999999999997        2.9080474677852820E-018
  0.84625000000000006       -5.7813938524738047E-017
  0.84750000000000003       -6.4280812937758769E-017
  0.84875000000000000       -7.3712519293394998E-017
  0.84999999999999998       -9.9505645540219056E-017
  0.85125000000000006       -2.0151937734276828E-017
  0.85250000000000004       -1.0894747788730992E-016
  0.85375000000000001       -4.8349715385956171E-017
  0.85499999999999998        7.7893045448459291E-017
  0.85625000000000007        1.7482550506259100E-017
  0.85750000000000004       -7.7128155602505121E-017
  0.85875000000000001        4.9093984151044673E-017
  0.85999999999999999        3.7577829011382758E-017
  0.86125000000000007        4.4595865709874314E-017
  0.86250000000000004       -1.9232688265348160E-017
  0.86375000000000002        2.8058902242643251E-017
  0.86499999999999999        2.7487298237145832E-017
  0.86624999999999996       -2.5407252441015109E-017
  0.86750000000000005       -2.0698897923899474E-017
  0.86875000000000002       -3.5845539542733425E-017
  0.87000000000000000       -3.5800609148314858E-017
  0.87124999999999997        1.2842931861958864E-017
  0.87250000000000005        3.9125503826760187E-017
  0.87375000000000003        7.1504630337912644E-017
  0.87500000000000000        7.9498436066632421E-017
  0.87624999999999997        8.0826462967646169E-017
  0.87750000000000006        7.9435163116913225E-017
  0.87875000000000003       -2.4736221668604262E-018
  0.88000000000000000        3.4517210786065880E-017
  0.88124999999999998        9.4468680916662415E-018
  0.88250000000000006        1.7869001088406826E-018
  0.88375000000000004        1.0063583558738892E-017
  0.88500000000000001        6.9621801658322891E-018
  0.88624999999999998        6.8901013575383282E-017
  0.88750000000000007        2.9174363794534962E-017
  0.88875000000000004       -5.9551777699319810E-017
  0.89000000000000001        4.8613938877488553E-017
  0.89124999999999999       -9.9642259460860326E-018
  0.89250000000000007       -2.1371229255262174E-017
  0.89375000000000004       -1.8498281319605521E-017
  0.89500000000000002       -9.0131419557439788E-017
  0.89624999999999999       -6.7131327114973436E-017
  0.89749999999999996        6.9924720109244329E-017
  0.89875000000000005        1.5425975301178135E-018
  0.90000000000000002        4.4292412482671787E-017
  0.90125000000000000       -2.2252079225488231E-017
  0.90249999999999997        8.6948599683645052E-017
  0.90375000000000005        1.8237909443807294E-017
  0.90500000000000003        6.7960719153099449E-018
  0.90625000000000000       -9.0042453505414395E-018
  0.90749999999999997       -3.5996747744527707E-017
  0.90875000000000006        2.9645002027306440E-017
  0.91000000000000003       -8.9087640783588023E-018
  0.91125000000000000       -4.6779390032491016E-017
  0.91249999999999998        7.7303139431042918E-017
  0.91375000000000006        1.0284027434004372E-016
  0.91500000000000004        6.3321950820637990E-017
  0.91625000000000001        3.4585819952205277E-017
  0.91749999999999998       -1.2702479782216832E-017
  0.91875000000000007       -2.9288965985610776E-017
  0.92000000000000004        1.0127665796845140E-017
  0.92125000000000001       -3.1337510836332120E-017
  0.92249999999999999        4.4742044497923187E-017
  0.92375000000000007        2.3926886031947270E-017
  0.92500000000000004       -4.5057361625059319E-017
  0.92625000000000002        2.1941391436426701E-017
  0.92749999999999999        6.5910977429144357E-017
  0.92874999999999996        2.2759015410420951E-017
  0.93000000000000005        1.7342253995939596E-017
  0.93125000000000002        7.8894799527890719E-017
  0.93250000000000000       -2.6231271561260159E-017
  0.93374999999999997        5.0082833647742341E-018
  0.93500000000000005       -1.1587561195799037E-018
  0.93625000000000003       -5.7020908060828375E-018
  0.93750000000000000        2.3846716438743419E-017
  0.93874999999999997       -5.3049005285169791E-017
  0.94000000000000006        2.2025868498303394E-017
  0.94125000000000003       -1.2009754729956510E-017
  0.94250000000000000       -1.6115066135929112E-017
  0.94374999999999998        6.0633894504055290E-017
  0.94500000000000006       -5.5896635844090261E-017
  0.94625000000000004        3.2439538895561939E-017
  0.94750000000000001       -5.5353411342426689E-017
  0.94874999999999998        4.8310065121815356E-017
  0.95000000000000007       -1.7287433583959398E-017
  0.95125000000000004        3.4337586386743464E-017
  0.95250000000000001       -3.9624178035941625E-017
  0.95374999999999999       -4.4580899611449801E-018
  0.95500000000000007        5.0196535353537181E-017
  0.95625000000000004       -8.6126455061326864E-017
  0.95750000000000002        1.2415772673598535E-016
  0.95874999999999999       -1.1613398152531509E-016
  0.95999999999999996        1.3562023727398214E-016
  0.96125000000000005       -1.1920633838838122E-016
  0.96250000000000002        1.3644479466375021E-016
  0.96375000000000000       -1.1942847749758343E-016
  0.96499999999999997        1.3650324453494336E-016
  0.96625000000000005       -1.1944202549276101E-016
  0.96750000000000003        1.3650592941836525E-016
  0.96875000000000000       -1.1944242704883534E-016
  0.96999999999999997        1.3650403547731837E-016
  0.97125000000000006       -1.1944032061126304E-016
  0.97250000000000003        1.3650377475307025E-016
  0.97375000000000000       -1.1944128641934617E-016
  0.97499999999999998        1.3650534316466528E-016
  0.97625000000000006       -1.1944320519544247E-016
  0.97750000000000004        1.3650746627128301E-016
  0.97875000000000001       -1.1944455991462779E-016
  0.97999999999999998        1.3650980268082771E-016
  0.98125000000000007       -1.1944705088209128E-016
  0.98250000000000004        1.3650981211966369E-016
  0.98375000000000001       -1.1944425756689962E-016
  0.98499999999999999        1.3650372176320869E-016
  0.98625000000000007       -1.1942095309293051E-016
  0.98750000000000004        1.3641216767050914E-016
  0.98875000000000002       -1.1908031172951716E-016
  0.98999999999999999        1.3514549407449388E-016
  0.99125000000000008       -1.1435450858791154E-016
  0.99250000000000005        1.2034773395341921E-016
  0.99375000000000002       -9.6815506508062850E-017
  0.99500000000000000        3.5213624194179575E-017
  0.99624999999999997       -2.6129984991301418E-016
  0.99750000000000005       -1.1002940888753878E-016
  0.99875000000000003       -4.9702120602700580E-016
   1.0000000000000000        0.0000000000000000     
