   0.0000000000000000        0.0000000000000000     
   1.2500000000000000E-003   0.0000000000000000     
   2.5000000000000001E-003   0.0000000000000000     
   3.7499999999999999E-003   0.0000000000000000     
   5.0000000000000001E-003   0.0000000000000000     
   6.2500000000000003E-003   0.0000000000000000     
   7.4999999999999997E-003   0.0000000000000000     
   8.7500000000000008E-003   0.0000000000000000     
   1.0000000000000000E-002   0.0000000000000000     
   1.1250000000000000E-002   0.0000000000000000     
   1.2500000000000001E-002   0.0000000000000000     
   1.3750000000000000E-002   0.0000000000000000     
   1.4999999999999999E-002   0.0000000000000000     
   1.6250000000000001E-002   0.0000000000000000     
   1.7500000000000002E-002   0.0000000000000000     
   1.8749999999999999E-002   0.0000000000000000     
   2.0000000000000000E-002   0.0000000000000000     
   2.1250000000000002E-002   0.0000000000000000     
   2.2499999999999999E-002   0.0000000000000000     
   2.3750000000000000E-002   0.0000000000000000     
   2.5000000000000001E-002   0.0000000000000000     
   2.6249999999999999E-002   0.0000000000000000     
   2.7500000000000000E-002   0.0000000000000000     
   2.8750000000000001E-002   0.0000000000000000     
   2.9999999999999999E-002   0.0000000000000000     
   3.1250000000000000E-002   0.0000000000000000     
   3.2500000000000001E-002   0.0000000000000000     
   3.3750000000000002E-002   0.0000000000000000     
   3.5000000000000003E-002   0.0000000000000000     
   3.6249999999999998E-002   0.0000000000000000     
   3.7499999999999999E-002   0.0000000000000000     
   3.8750000000000000E-002   0.0000000000000000     
   4.0000000000000001E-002   0.0000000000000000     
   4.1250000000000002E-002   0.0000000000000000     
   4.2500000000000003E-002   0.0000000000000000     
   4.3750000000000004E-002   0.0000000000000000     
   4.4999999999999998E-002   0.0000000000000000     
   4.6249999999999999E-002   0.0000000000000000     
   4.7500000000000001E-002   0.0000000000000000     
   4.8750000000000002E-002   0.0000000000000000     
   5.0000000000000003E-002   0.0000000000000000     
   5.1250000000000004E-002   0.0000000000000000     
   5.2499999999999998E-002   0.0000000000000000     
   5.3749999999999999E-002   0.0000000000000000     
   5.5000000000000000E-002   0.0000000000000000     
   5.6250000000000001E-002   0.0000000000000000     
   5.7500000000000002E-002   0.0000000000000000     
   5.8750000000000004E-002   0.0000000000000000     
   5.9999999999999998E-002   0.0000000000000000     
   6.1249999999999999E-002   0.0000000000000000     
   6.2500000000000000E-002   0.0000000000000000     
   6.3750000000000001E-002   0.0000000000000000     
   6.5000000000000002E-002   0.0000000000000000     
   6.6250000000000003E-002   0.0000000000000000     
   6.7500000000000004E-002   0.0000000000000000     
   6.8750000000000006E-002   0.0000000000000000     
   7.0000000000000007E-002   0.0000000000000000     
   7.1250000000000008E-002   0.0000000000000000     
   7.2499999999999995E-002   0.0000000000000000     
   7.3749999999999996E-002   0.0000000000000000     
   7.4999999999999997E-002   0.0000000000000000     
   7.6249999999999998E-002   0.0000000000000000     
   7.7499999999999999E-002   0.0000000000000000     
   7.8750000000000001E-002   0.0000000000000000     
   8.0000000000000002E-002   0.0000000000000000     
   8.1250000000000003E-002   0.0000000000000000     
   8.2500000000000004E-002   0.0000000000000000     
   8.3750000000000005E-002   0.0000000000000000     
   8.5000000000000006E-002   0.0000000000000000     
   8.6250000000000007E-002   0.0000000000000000     
   8.7500000000000008E-002   0.0000000000000000     
   8.8749999999999996E-002   0.0000000000000000     
   8.9999999999999997E-002   0.0000000000000000     
   9.1249999999999998E-002   0.0000000000000000     
   9.2499999999999999E-002   0.0000000000000000     
   9.3750000000000000E-002   0.0000000000000000     
   9.5000000000000001E-002   0.0000000000000000     
   9.6250000000000002E-002   0.0000000000000000     
   9.7500000000000003E-002   0.0000000000000000     
   9.8750000000000004E-002   0.0000000000000000     
  0.10000000000000001        0.0000000000000000     
  0.10125000000000001        0.0000000000000000     
  0.10250000000000001        0.0000000000000000     
  0.10375000000000001        0.0000000000000000     
  0.10500000000000000        0.0000000000000000     
  0.10625000000000000        0.0000000000000000     
  0.10750000000000000        0.0000000000000000     
  0.10875000000000000        0.0000000000000000     
  0.11000000000000000        0.0000000000000000     
  0.11125000000000000        0.0000000000000000     
  0.11250000000000000        0.0000000000000000     
  0.11375000000000000        0.0000000000000000     
  0.11500000000000000        0.0000000000000000     
  0.11625000000000001        0.0000000000000000     
  0.11750000000000001        0.0000000000000000     
  0.11875000000000001        0.0000000000000000     
  0.12000000000000000        0.0000000000000000     
  0.12125000000000000        0.0000000000000000     
  0.12250000000000000        0.0000000000000000     
  0.12375000000000000        0.0000000000000000     
  0.12500000000000000        0.0000000000000000     
  0.12625000000000000        0.0000000000000000     
  0.12750000000000000        0.0000000000000000     
  0.12875000000000000        0.0000000000000000     
  0.13000000000000000        0.0000000000000000     
  0.13125000000000001        0.0000000000000000     
  0.13250000000000001        0.0000000000000000     
  0.13375000000000001        0.0000000000000000     
  0.13500000000000001        0.0000000000000000     
  0.13625000000000001        0.0000000000000000     
  0.13750000000000001        0.0000000000000000     
  0.13875000000000001        0.0000000000000000     
  0.14000000000000001        0.0000000000000000     
  0.14125000000000001        0.0000000000000000     
  0.14250000000000002        0.0000000000000000     
  0.14375000000000002        0.0000000000000000     
  0.14499999999999999        0.0000000000000000     
  0.14624999999999999        0.0000000000000000     
  0.14749999999999999        0.0000000000000000     
  0.14874999999999999        0.0000000000000000     
  0.14999999999999999        0.0000000000000000     
  0.15125000000000000        0.0000000000000000     
  0.15250000000000000        0.0000000000000000     
  0.15375000000000000        0.0000000000000000     
  0.15500000000000000        0.0000000000000000     
  0.15625000000000000        0.0000000000000000     
  0.15750000000000000        8.8817841970012523E-016
  0.15875000000000000       -8.8817841970012523E-016
  0.16000000000000000        8.8817841970012523E-016
  0.16125000000000000       -8.8817841970012523E-016
  0.16250000000000001        8.8817841970012523E-016
  0.16375000000000001       -8.8817841970012523E-016
  0.16500000000000001        0.0000000000000000     
  0.16625000000000001        0.0000000000000000     
  0.16750000000000001        0.0000000000000000     
  0.16875000000000001        0.0000000000000000     
  0.17000000000000001        0.0000000000000000     
  0.17125000000000001        0.0000000000000000     
  0.17250000000000001        0.0000000000000000     
  0.17375000000000002        0.0000000000000000     
  0.17500000000000002        0.0000000000000000     
  0.17624999999999999        0.0000000000000000     
  0.17749999999999999       -4.4408920985006262E-016
  0.17874999999999999       -8.8817841970012523E-016
  0.17999999999999999       -4.4408920985006262E-016
  0.18124999999999999        0.0000000000000000     
  0.18250000000000000        0.0000000000000000     
  0.18375000000000000        0.0000000000000000     
  0.18500000000000000        0.0000000000000000     
  0.18625000000000000        0.0000000000000000     
  0.18750000000000000        0.0000000000000000     
  0.18875000000000000        0.0000000000000000     
  0.19000000000000000        0.0000000000000000     
  0.19125000000000000        0.0000000000000000     
  0.19250000000000000        0.0000000000000000     
  0.19375000000000001        0.0000000000000000     
  0.19500000000000001        0.0000000000000000     
  0.19625000000000001        0.0000000000000000     
  0.19750000000000001        0.0000000000000000     
  0.19875000000000001       -8.8817841970012523E-016
  0.20000000000000001        1.3322676295501878E-015
  0.20125000000000001       -4.4408920985006262E-016
  0.20250000000000001        8.8817841970012523E-016
  0.20375000000000001        1.3322676295501878E-015
  0.20500000000000002        0.0000000000000000     
  0.20625000000000002        8.8817841970012523E-016
  0.20750000000000002       -8.8817841970012523E-016
  0.20874999999999999        1.7763568394002505E-015
  0.20999999999999999        0.0000000000000000     
  0.21124999999999999       -2.2204460492503131E-015
  0.21249999999999999        8.8817841970012523E-016
  0.21375000000000000       -1.7763568394002505E-015
  0.21500000000000000       -4.4408920985006262E-016
  0.21625000000000000       -4.4408920985006262E-016
  0.21750000000000000        8.8817841970012523E-016
  0.21875000000000000       -1.7763568394002505E-015
  0.22000000000000000        2.6645352591003757E-015
  0.22125000000000000        0.0000000000000000     
  0.22250000000000000        6.2172489379008766E-015
  0.22375000000000000       -2.2204460492503131E-015
  0.22500000000000001        6.2172489379008766E-015
  0.22625000000000001       -4.4408920985006262E-016
  0.22750000000000001        4.8849813083506888E-015
  0.22875000000000001       -4.4408920985006262E-015
  0.23000000000000001        3.5527136788005009E-015
  0.23125000000000001       -2.6645352591003757E-015
  0.23250000000000001        4.4408920985006262E-015
  0.23375000000000001       -3.5527136788005009E-015
  0.23500000000000001        4.8849813083506888E-015
  0.23625000000000002       -2.2204460492503131E-015
  0.23750000000000002        1.7763568394002505E-015
  0.23875000000000002       -2.6645352591003757E-015
  0.23999999999999999        8.8817841970012523E-016
  0.24124999999999999       -1.9539925233402755E-014
  0.24249999999999999        4.8849813083506888E-015
  0.24374999999999999       -5.1958437552457326E-014
  0.24500000000000000        9.7699626167013776E-015
  0.24625000000000000       -1.4965806371947110E-013
  0.24750000000000000        1.3322676295501878E-015
  0.24875000000000000       -4.4808601273871318E-013
  0.25000000000000000       -2.6645352591003757E-015
  0.25125000000000003       -1.3740120152760937E-012
  0.25250000000000000        3.1086244689504383E-015
  0.25375000000000003       -4.1007197637554782E-012
  0.25500000000000000        1.6875389974302379E-014
  0.25624999999999998       -1.1885603612427076E-011
  0.25750000000000001        3.2418512319054571E-014
  0.25874999999999998       -3.3793856601960215E-011
  0.26000000000000001        7.0166095156309893E-014
  0.26124999999999998       -9.4147356577423125E-011
  0.26250000000000001        1.7541523789077473E-013
  0.26374999999999998       -2.5686652804779442E-010
  0.26500000000000001        4.9249493372371944E-013
  0.26624999999999999       -6.8579453227357590E-010
  0.26750000000000002        1.4432899320127035E-012
  0.26874999999999999       -1.7903412086184289E-009
  0.27000000000000002        4.2872372318925045E-012
  0.27124999999999999       -4.5657775338270312E-009
  0.27250000000000002        1.2805756455236406E-011
  0.27374999999999999       -1.1378492814628771E-008
  0.27500000000000002        3.8306691152456551E-011
  0.27625000000000000       -2.7536770197400529E-008
  0.27750000000000002        1.3066880910628242E-011
  0.27875000000000000       -6.5027404794193444E-008
  0.28000000000000003        5.5173643431771779E-012
  0.28125000000000000       -1.4939571935101981E-007
  0.28250000000000003        7.1933570211513143E-012
  0.28375000000000000       -3.3327475446043309E-007
  0.28500000000000003        2.8023361409168501E-011
  0.28625000000000000       -7.2054568622803572E-007
  0.28750000000000003        1.3363976592017934E-010
  0.28875000000000001       -1.5064335481262958E-006
  0.28999999999999998        6.5019101214147668E-010
  0.29125000000000001       -3.0372935828637537E-006
  0.29249999999999998        3.1724982640923827E-009
  0.29375000000000001       -5.8854476296943403E-006
  0.29499999999999998        1.5502947814383106E-008
  0.29625000000000001       -1.0910039328848598E-005
  0.29749999999999999        7.5953896505609464E-008
  0.29875000000000002       -1.9230540714065825E-005
  0.29999999999999999        3.7376133255051514E-007
  0.30125000000000002       -3.1814567249099923E-005
  0.30249999999999999        1.8487251161047880E-006
  0.30375000000000002       -4.8416811216256406E-005
  0.30499999999999999        9.1533363812956736E-006
  0.30625000000000002       -8.0040541323711523E-005
  0.30750000000000000        4.4848324312507515E-005
  0.30875000000000002       -1.8686955967828212E-004
  0.31000000000000000        1.9402758823439115E-004
  0.31125000000000003       -3.6775786019704881E-004
  0.31250000000000000        5.1625725389126131E-004
  0.31375000000000003        2.5748591533547582E-004
  0.31500000000000000        5.6460064391705700E-004
  0.31625000000000003       -1.3278034027610630E-003
  0.31750000000000000       -4.7035902147229969E-003
  0.31875000000000003       -1.2765168209118105E-002
  0.32000000000000001       -2.3605685708801172E-002
  0.32124999999999998       -3.8186006093855251E-002
  0.32250000000000001       -5.3493235470033262E-002
  0.32374999999999998       -5.0788937429355752E-002
  0.32500000000000001       -4.7688587909741287E-002
  0.32624999999999998       -4.5837665270694661E-002
  0.32750000000000001       -4.3326878969713434E-002
  0.32874999999999999       -4.2134929524714426E-002
  0.33000000000000002       -4.0384017369670566E-002
  0.33124999999999999       -3.9449272239884703E-002
  0.33250000000000002       -3.7735829702536083E-002
  0.33374999999999999       -3.7042119058764200E-002
  0.33500000000000002       -3.5776688331371265E-002
  0.33624999999999999       -3.5060678344696949E-002
  0.33750000000000002       -3.3587430809775221E-002
  0.33875000000000000       -3.3017702950298045E-002
  0.34000000000000002       -3.1793743032507926E-002
  0.34125000000000000       -3.1128114589233036E-002
  0.34250000000000003       -2.9577974671230578E-002
  0.34375000000000000       -2.8962088755979831E-002
  0.34500000000000003       -2.7658157101501324E-002
  0.34625000000000000       -2.6869711779027750E-002
  0.34750000000000003       -2.5249376778582189E-002
  0.34875000000000000       -2.4528333883665709E-002
  0.35000000000000003       -2.3173755662894369E-002
  0.35125000000000001       -2.2354090175496388E-002
  0.35249999999999998       -2.0821061308587296E-002
  0.35375000000000001       -2.0080537235910079E-002
  0.35499999999999998       -1.8888750335484428E-002
  0.35625000000000001       -1.8278206325760271E-002
  0.35749999999999998       -1.6955776970101422E-002
  0.35875000000000001       -1.6445802428485035E-002
  0.35999999999999999       -1.5504695497028154E-002
  0.36125000000000002       -1.5206666106969191E-002
  0.36249999999999999       -1.4212088445151760E-002
  0.36375000000000002       -1.3886287247715678E-002
  0.36499999999999999       -1.3221272973072296E-002
  0.36625000000000002       -1.3179210553598830E-002
  0.36749999999999999       -1.2410148224273110E-002
  0.36875000000000002       -1.2205461121386429E-002
  0.37000000000000000       -1.1622203959964716E-002
  0.37125000000000002       -1.1758064491567577E-002
  0.37250000000000000       -1.1493255445719441E-002
  0.37375000000000003       -1.1969083926305801E-002
  0.37500000000000000       -1.1552517536638884E-002
  0.37625000000000003       -1.0635724532988222E-002
  0.37750000000000000       -8.2254496045268688E-003
  0.37875000000000003       -5.3686647529131992E-003
  0.38000000000000000       -2.7760321952798872E-003
  0.38125000000000003       -2.9531167103913347E-005
  0.38250000000000001        1.1975516794935359E-003
  0.38375000000000004        2.0131881847160749E-003
  0.38500000000000001        1.3197677318212975E-003
  0.38624999999999998        1.8197159342718816E-003
  0.38750000000000001        1.4932423584395060E-003
  0.38874999999999998        2.6119296005471249E-003
  0.39000000000000001        2.8811679945974777E-003
  0.39124999999999999        4.0043919176073750E-003
  0.39250000000000002        3.4527753143676065E-003
  0.39374999999999999        3.9314497008726690E-003
  0.39500000000000002        3.1998365975673959E-003
  0.39624999999999999        4.4293015064462704E-003
  0.39750000000000002        3.6017287369078943E-003
  0.39874999999999999        4.9110572791959406E-003
  0.40000000000000002        4.7104027026847461E-003
  0.40125000000000000        6.9704076389016656E-003
  0.40250000000000002        6.7784652264442080E-003
  0.40375000000000000        8.3334911980621484E-003
  0.40500000000000003        7.3360706343199578E-003
  0.40625000000000000        8.7393771565740241E-003
  0.40750000000000003        7.7250703316924518E-003
  0.40875000000000000        9.0356922933005901E-003
  0.41000000000000003        7.6191610021931755E-003
  0.41125000000000000        8.6189409541761464E-003
  0.41250000000000003        7.2270468602935178E-003
  0.41375000000000001        8.4590051178294878E-003
  0.41500000000000004        6.9150029697260251E-003
  0.41625000000000001        7.9984844600839988E-003
  0.41749999999999998        6.3449565448918666E-003
  0.41875000000000001        7.6559239121634093E-003
  0.41999999999999998        6.1927808505519710E-003
  0.42125000000000001        7.5210163266958840E-003
  0.42249999999999999        5.9348111288082261E-003
  0.42375000000000002        7.5257535236117334E-003
  0.42499999999999999        5.9986042441535492E-003
  0.42625000000000002        7.5679692003356447E-003
  0.42749999999999999        5.8439986636640295E-003
  0.42875000000000002        7.4977145698540415E-003
  0.42999999999999999        5.8698420148011188E-003
  0.43125000000000002        7.8404984652129528E-003
  0.43250000000000000        5.9834171540795733E-003
  0.43375000000000002        7.7824051518382564E-003
  0.43500000000000000        5.7658818137222845E-003
  0.43625000000000003        7.7889432993274443E-003
  0.43750000000000000        5.6969506125887914E-003
  0.43875000000000003        7.7588714613099352E-003
  0.44000000000000000        5.5170790527359070E-003
  0.44125000000000003        7.7040875155396371E-003
  0.44250000000000000        5.4387860771247798E-003
  0.44375000000000003        7.7911796242942088E-003
  0.44500000000000001        5.4515207806073995E-003
  0.44625000000000004        7.7524777367070641E-003
  0.44750000000000001        5.1168149387839090E-003
  0.44874999999999998        7.7173968723529551E-003
  0.45000000000000001        5.1151065267873719E-003
  0.45124999999999998        7.8853436936650034E-003
  0.45250000000000001        4.6618886014098138E-003
  0.45374999999999999        7.8512744704328785E-003
  0.45500000000000002        4.4393122831700715E-003
  0.45624999999999999        8.1229011279071450E-003
  0.45750000000000002        4.1831026884180389E-003
  0.45874999999999999        8.0468317268194145E-003
  0.46000000000000002        3.7782589693786672E-003
  0.46124999999999999        7.9341669935557579E-003
  0.46250000000000002        3.3818817082396091E-003
  0.46375000000000000        7.5799130354818889E-003
  0.46500000000000002        2.5533097746275324E-003
  0.46625000000000000        6.8312731106530133E-003
  0.46750000000000003        1.3341417067493921E-003
  0.46875000000000000        5.9939984102814758E-003
  0.47000000000000003       -6.5692316723264810E-005
  0.47125000000000000        5.8186951560650346E-003
  0.47250000000000003        2.0859500804757403E-003
  0.47375000000000000        9.8800065357000921E-003
  0.47500000000000003        6.9988005464625136E-003
  0.47625000000000001        1.4624494704804647E-003
  0.47750000000000004        6.8862881903797302E-003
  0.47875000000000001        2.9231260621955801E-003
  0.47999999999999998       -1.3058129261733775E-004
  0.48125000000000001        3.1052515899169242E-003
  0.48249999999999998        4.8308448520187897E-003
  0.48375000000000001        9.0016156093667421E-003
  0.48499999999999999        3.8868872078172689E-003
  0.48625000000000002        1.4504614666799309E-004
  0.48749999999999999        3.3326506765662955E-003
  0.48875000000000002        9.5938253904054305E-003
  0.48999999999999999        9.6122573553021340E-003
  0.49125000000000002       -2.6130068289853536E-004
  0.49249999999999999       -2.6870214821053118E-003
  0.49375000000000002       -1.6071905549935872E-003
  0.49500000000000000       -1.6849915483726496E-003
  0.49625000000000002       -1.9959777649501964E-003
  0.49750000000000000       -1.7628353014274012E-003
  0.49875000000000003       -1.9879326436988976E-003
  0.50000000000000000       -2.0255840267137115E-003
  0.50124999999999997       -1.5356319814360253E-003
  0.50250000000000006       -1.2886633965732974E-003
  0.50375000000000003       -5.6786537358066713E-004
  0.50500000000000000       -5.3147672918407718E-004
  0.50624999999999998       -2.3480738639902743E-004
  0.50750000000000006       -1.4333845291514269E-004
  0.50875000000000004        5.0058681653197823E-006
  0.51000000000000001        5.9019578320218535E-005
  0.51124999999999998        9.4388421046143200E-005
  0.51249999999999996        1.7461996003831359E-005
  0.51375000000000004        5.5357288206603350E-005
  0.51500000000000001       -1.0961132848597011E-005
  0.51624999999999999       -7.9030347883812802E-005
  0.51749999999999996       -9.6382392216542989E-005
  0.51875000000000004       -2.7534576528709387E-005
  0.52000000000000002       -8.2651094829633287E-005
  0.52124999999999999       -1.0936462803712299E-004
  0.52249999999999996       -1.5627297740328228E-004
  0.52375000000000005       -4.5729973186747763E-005
  0.52500000000000002        2.6179788229496737E-006
  0.52625000000000000       -9.6953109797182080E-006
  0.52749999999999997       -6.0975291195863868E-005
  0.52875000000000005       -5.7114367949195888E-005
  0.53000000000000003        4.7726177310192242E-007
  0.53125000000000000        6.3285752425090713E-005
  0.53249999999999997        4.4155404890666716E-005
  0.53375000000000006       -8.2971862168657040E-006
  0.53500000000000003       -2.2126810229283755E-005
  0.53625000000000000        2.0369530805419700E-006
  0.53749999999999998       -1.1596318267304007E-005
  0.53875000000000006       -1.8532468828436066E-005
  0.54000000000000004       -3.2477990551948999E-005
  0.54125000000000001       -4.9033468153547588E-006
  0.54249999999999998       -3.9123564268828126E-005
  0.54375000000000007       -4.6859976000956927E-005
  0.54500000000000004       -1.7924760696619302E-005
  0.54625000000000001        2.3401777741183238E-006
  0.54749999999999999       -2.2236158010557894E-005
  0.54874999999999996       -9.5447057989361817E-005
  0.55000000000000004       -5.6802315347437293E-005
  0.55125000000000002       -2.0454467973829438E-006
  0.55249999999999999        3.8485998117288034E-005
  0.55374999999999996       -1.0179703113455396E-005
  0.55500000000000005       -9.7330191717315273E-005
  0.55625000000000002       -1.0037714229360617E-004
  0.55750000000000000        5.9878501734722533E-006
  0.55874999999999997        4.8635563629773060E-005
  0.56000000000000005        2.2038266017543329E-005
  0.56125000000000003       -8.5791781423982805E-005
  0.56250000000000000       -7.9690416839306444E-005
  0.56374999999999997       -3.8585071359009682E-005
  0.56500000000000006       -2.4710608726996597E-006
  0.56625000000000003       -1.5018817883016844E-005
  0.56750000000000000       -1.4125727635927454E-005
  0.56874999999999998       -7.9640425753035871E-006
  0.57000000000000006       -4.9718951804944567E-005
  0.57125000000000004       -3.4612203967498978E-005
  0.57250000000000001       -5.1838523696834393E-005
  0.57374999999999998       -4.4302542369090148E-006
  0.57500000000000007       -1.9911829580276930E-005
  0.57625000000000004       -5.7253359687092775E-005
  0.57750000000000001       -8.4038375162798218E-005
  0.57874999999999999       -4.3376373861647721E-005
  0.57999999999999996       -1.8542313130143206E-005
  0.58125000000000004       -3.5374935614895797E-005
  0.58250000000000002       -1.0651684038853748E-004
  0.58374999999999999       -8.0421212979797652E-005
  0.58499999999999996       -5.4867289926430196E-005
  0.58625000000000005       -7.7703885746904788E-006
  0.58750000000000002       -6.5098486912607001E-005
  0.58875000000000000       -8.0351181076854239E-005
  0.58999999999999997       -1.3150811603745982E-004
  0.59125000000000005       -7.6324545326911242E-005
  0.59250000000000003       -7.6846223540427694E-005
  0.59375000000000000       -1.2292425779047988E-004
  0.59499999999999997       -1.2077471105964577E-004
  0.59625000000000006       -1.3137093320747528E-004
  0.59750000000000003       -1.1941764449829861E-004
  0.59875000000000000       -1.7650655389234160E-004
  0.59999999999999998       -1.6258546553959974E-004
  0.60125000000000006       -1.3698252539018352E-004
  0.60250000000000004       -2.0198887902467266E-004
  0.60375000000000001       -2.4243197650342108E-004
  0.60499999999999998       -2.8211693923607672E-004
  0.60625000000000007       -2.6216672542289654E-004
  0.60750000000000004       -2.6903312481862951E-004
  0.60875000000000001       -3.1981449895068792E-004
  0.60999999999999999       -3.7031196244441400E-004
  0.61124999999999996       -5.0806856921281618E-004
  0.61250000000000004       -4.7934359060608500E-004
  0.61375000000000002       -4.3646953668252664E-004
  0.61499999999999999       -4.5163543280735130E-004
  0.61624999999999996       -5.8362069576334275E-004
  0.61750000000000005       -7.1881559123287975E-004
  0.61875000000000002       -7.3750175842091092E-004
  0.62000000000000000       -8.1762577967958716E-004
  0.62124999999999997       -9.6535783414264387E-004
  0.62250000000000005       -1.1163588578436690E-003
  0.62375000000000003       -1.1993629713957787E-003
  0.62500000000000000       -1.2208700161272512E-003
  0.62624999999999997       -1.5684901900258064E-003
  0.62750000000000006       -2.1435756511909432E-003
  0.62875000000000003       -2.4862035064746602E-003
  0.63000000000000000       -2.5666333758938009E-003
  0.63124999999999998       -3.5555171338721436E-003
  0.63250000000000006       -5.2414526633501879E-003
  0.63375000000000004       -5.9547086218687539E-003
  0.63500000000000001       -7.3137275525708700E-003
  0.63624999999999998       -1.3890567226086503E-002
  0.63750000000000007       -2.7187807287619492E-002
  0.63875000000000004       -4.2344893740304701E-002
  0.64000000000000001        1.4608671005217011E-002
  0.64124999999999999        6.3862375023476803E-003
  0.64249999999999996        1.6193964256224769E-003
  0.64375000000000004       -4.7703285492117775E-004
  0.64500000000000002       -8.9973034593637813E-004
  0.64624999999999999       -6.5137388229230542E-004
  0.64749999999999996       -2.7000648489672319E-004
  0.64875000000000005       -9.8495199209347462E-005
  0.65000000000000002       -3.7312120345078803E-005
  0.65125000000000000       -6.9176588542552153E-005
  0.65249999999999997       -6.8524979919382112E-005
  0.65375000000000005       -2.9013624522344905E-005
  0.65500000000000003       -2.9954318756852949E-005
  0.65625000000000000       -2.4518602909084919E-005
  0.65749999999999997       -1.9588651091639875E-005
  0.65875000000000006       -2.5894576614060583E-006
  0.66000000000000003        2.3668867719761622E-005
  0.66125000000000000        4.2823777669398488E-005
  0.66249999999999998        2.0595514543697568E-005
  0.66375000000000006       -3.7383773319188407E-006
  0.66500000000000004       -4.6071399026792470E-005
  0.66625000000000001       -5.7109496111484859E-005
  0.66749999999999998       -1.1475231513902173E-006
  0.66875000000000007        4.1253894631720911E-005
  0.67000000000000004        3.0135034658540505E-005
  0.67125000000000001        1.4371513264666014E-005
  0.67249999999999999       -4.2481570386665446E-005
  0.67374999999999996       -8.4642837475668031E-006
  0.67500000000000004       -3.5327272686624944E-005
  0.67625000000000002        5.7714115836438040E-006
  0.67749999999999999       -5.8858180697063389E-006
  0.67874999999999996       -1.2547840244403474E-005
  0.68000000000000005       -8.2493555862983570E-006
  0.68125000000000002       -2.8936621485509129E-005
  0.68250000000000000        5.6583261737297441E-005
  0.68374999999999997        5.5101459461859292E-007
  0.68500000000000005       -1.5464633939088479E-005
  0.68625000000000003       -5.4604913159339574E-005
  0.68750000000000000       -5.7590550709529786E-005
  0.68874999999999997       -5.7874449324035737E-006
  0.69000000000000006        1.7504734168616309E-005
  0.69125000000000003        2.5760538006958100E-005
  0.69250000000000000       -3.7385291048352975E-005
  0.69374999999999998       -3.1255949936026539E-006
  0.69500000000000006       -7.0731233113852099E-006
  0.69625000000000004       -1.3756365359052225E-006
  0.69750000000000001        3.8596024363068970E-005
  0.69874999999999998       -3.6858931148020524E-005
  0.70000000000000007        8.8688268411463156E-006
  0.70125000000000004       -1.0655032063655590E-004
  0.70250000000000001        9.7930900891496364E-005
  0.70374999999999999       -1.2049832525007353E-005
  0.70499999999999996        8.5445243557136230E-005
  0.70625000000000004       -9.3111791564015611E-005
  0.70750000000000002       -3.1102426798157445E-005
  0.70874999999999999       -2.2757880077550752E-005
  0.70999999999999996        1.8107656689081431E-005
  0.71125000000000005        6.3155322084673671E-005
  0.71250000000000002       -2.7954496362281311E-005
  0.71375000000000000       -3.0310810219535966E-006
  0.71499999999999997       -6.6704675484308140E-006
  0.71625000000000005        2.0846656345607784E-007
  0.71750000000000003        9.2023406072505587E-005
  0.71875000000000000       -6.7622116922683162E-006
  0.71999999999999997        1.9917943931746507E-005
  0.72125000000000006       -1.1078328274105598E-004
  0.72250000000000003        1.1257009795206940E-005
  0.72375000000000000        6.7915006589869265E-005
  0.72499999999999998        9.0930531828403716E-005
  0.72625000000000006        2.2854276778394578E-005
  0.72750000000000004       -6.8922539890325929E-005
  0.72875000000000001        4.0624587833604231E-005
  0.72999999999999998       -3.7814150171677774E-005
  0.73125000000000007        1.4234580887317883E-004
  0.73250000000000004       -2.1886588034147891E-006
  0.73375000000000001        6.5356107589731316E-005
  0.73499999999999999       -1.6641176477372177E-005
  0.73624999999999996       -3.1098393684647618E-006
  0.73750000000000004        1.2948212437335904E-004
  0.73875000000000002        6.5932657422385077E-005
  0.73999999999999999        7.7202364524131539E-005
  0.74124999999999996       -3.0912298039753594E-005
  0.74250000000000005       -7.8910597794412674E-005
  0.74375000000000002        1.8776674358267353E-004
  0.74500000000000000       -2.5472915760493819E-005
  0.74624999999999997        1.5784045378353095E-004
  0.74750000000000005       -2.1843658801645738E-005
  0.74875000000000003        8.3622568461949598E-006
  0.75000000000000000       -2.3296008305917493E-004
  0.75124999999999997        1.7573922877189840E-004
  0.75250000000000006        1.6282880791285148E-004
  0.75375000000000003       -2.9370425096586494E-004
  0.75500000000000000        3.1522945936368618E-004
  0.75624999999999998       -2.9515814346181557E-005
  0.75750000000000006       -6.5104328865650540E-004
  0.75875000000000004       -2.4371265011448040E-003
  0.76000000000000001       -1.5313296102727358E-002
  0.76124999999999998      -0.10023237963137788     
  0.76250000000000007      -0.36957122463376557     
  0.76375000000000004        5.7623337827064414E-002
  0.76500000000000001        6.1426382731223361E-003
  0.76624999999999999        9.2285622130627853E-004
  0.76750000000000007        3.3502029329257610E-004
  0.76875000000000004       -2.3647192128467553E-005
  0.77000000000000002       -1.6131172956568296E-006
  0.77124999999999999        5.2911591807980329E-007
  0.77249999999999996       -4.8025984430988267E-007
  0.77375000000000005       -1.1030236030107332E-008
  0.77500000000000002       -5.8985474005179839E-008
  0.77625000000000000        8.7766414691436978E-009
  0.77749999999999997       -1.4484368010547755E-008
  0.77875000000000005       -8.8870732994905666E-010
  0.78000000000000003       -5.9635555660353390E-009
  0.78125000000000000       -3.2678192374291370E-009
  0.78249999999999997       -4.0531991651882038E-009
  0.78375000000000006       -3.6666794600570540E-009
  0.78500000000000003       -3.7656648355088862E-009
  0.78625000000000000       -3.7183506274018896E-009
  0.78749999999999998       -3.7299285327030418E-009
  0.78875000000000006       -3.7245129758112228E-009
  0.79000000000000004       -3.7257969764947774E-009
  0.79125000000000001       -3.7252081419580918E-009
  0.79249999999999998       -3.7253423124106178E-009
  0.79375000000000007       -3.7252826379230441E-009
  0.79500000000000004       -3.7252946005761345E-009
  0.79625000000000001       -3.7252894657946456E-009
  0.79749999999999999       -3.7252907703066995E-009
  0.79875000000000007       -3.7252899653950067E-009
  0.80000000000000004       -3.7252908258178508E-009
  0.80125000000000002       -3.7252899098838554E-009
  0.80249999999999999       -3.7252905760176702E-009
  0.80374999999999996       -3.7252902984619141E-009
  0.80500000000000005       -3.7252903539730653E-009
  0.80625000000000002       -3.7252903539730653E-009
  0.80750000000000000       -3.7252904649953678E-009
  0.80874999999999997       -3.7252902984619141E-009
  0.81000000000000005       -3.7252902984619141E-009
  0.81125000000000003       -3.7252900764173091E-009
  0.81250000000000000       -3.7252900764173091E-009
  0.81374999999999997       -3.7252899653950067E-009
  0.81500000000000006       -3.7252901319284604E-009
  0.81625000000000003       -3.7252900764173091E-009
  0.81750000000000000       -3.7252903539730653E-009
  0.81874999999999998       -3.7252903817286409E-009
  0.82000000000000006       -3.7252900764173091E-009
  0.82125000000000004       -3.7252901874396116E-009
  0.82250000000000001       -3.7252900764173091E-009
  0.82374999999999998       -3.7252901874396116E-009
  0.82500000000000007       -3.7252902984619141E-009
  0.82625000000000004       -3.7252901874396116E-009
  0.82750000000000001       -3.7252901874396116E-009
  0.82874999999999999       -3.7252902984619141E-009
  0.83000000000000007       -3.7252902984619141E-009
  0.83125000000000004       -3.7252902984619141E-009
  0.83250000000000002       -3.7252902984619141E-009
  0.83374999999999999       -3.7252901319284604E-009
  0.83499999999999996       -3.7252902984619141E-009
  0.83625000000000005       -3.7252903817286409E-009
  0.83750000000000002       -3.7252899098838554E-009
  0.83875000000000000       -3.7252901319284604E-009
  0.83999999999999997       -3.7252899098838554E-009
  0.84125000000000005       -3.7252901874396116E-009
  0.84250000000000003       -3.7252899653950067E-009
  0.84375000000000000       -3.7252899098838554E-009
  0.84499999999999997       -3.7252901319284604E-009
  0.84625000000000006       -3.7252901319284604E-009
  0.84750000000000003       -3.7252900764173091E-009
  0.84875000000000000       -3.7252899653950067E-009
  0.84999999999999998       -3.7252902984619141E-009
  0.85125000000000006       -3.7252901874396116E-009
  0.85250000000000004       -3.7252901319284604E-009
  0.85375000000000001       -3.7252901874396116E-009
  0.85499999999999998       -3.7252901874396116E-009
  0.85625000000000007       -3.7252901874396116E-009
  0.85750000000000004       -3.7252901874396116E-009
  0.85875000000000001       -3.7252901874396116E-009
  0.85999999999999999       -3.7252901319284604E-009
  0.86125000000000007       -3.7252901874396116E-009
  0.86250000000000004       -3.7252901874396116E-009
  0.86375000000000002       -3.7252901874396116E-009
  0.86499999999999999       -3.7252901874396116E-009
  0.86624999999999996       -3.7252901874396116E-009
  0.86750000000000005       -3.7252901874396116E-009
  0.86875000000000002       -3.7252901874396116E-009
  0.87000000000000000       -3.7252901874396116E-009
  0.87124999999999997       -3.7252901874396116E-009
  0.87250000000000005       -3.7252901874396116E-009
  0.87375000000000003       -3.7252901874396116E-009
  0.87500000000000000       -3.7252901874396116E-009
  0.87624999999999997       -3.7252901874396116E-009
  0.87750000000000006       -3.7252901874396116E-009
  0.87875000000000003       -3.7252901874396116E-009
  0.88000000000000000       -3.7252901874396116E-009
  0.88124999999999998       -3.7252901874396116E-009
  0.88250000000000006       -3.7252901319284604E-009
  0.88375000000000004       -3.7252901319284604E-009
  0.88500000000000001       -3.7252901874396116E-009
  0.88624999999999998       -3.7252900764173091E-009
  0.88750000000000007       -3.7252903539730653E-009
  0.88875000000000004       -3.7252901874396116E-009
  0.89000000000000001       -3.7252901874396116E-009
  0.89124999999999999       -3.7252901874396116E-009
  0.89250000000000007       -3.7252901874396116E-009
  0.89375000000000004       -3.7252901319284604E-009
  0.89500000000000002       -3.7252900764173091E-009
  0.89624999999999999       -3.7252900764173091E-009
  0.89749999999999996       -3.7252900764173091E-009
  0.89875000000000005       -3.7252901319284604E-009
  0.90000000000000002       -3.7252901874396116E-009
  0.90125000000000000       -3.7252901319284604E-009
  0.90249999999999997       -3.7252901319284604E-009
  0.90375000000000005       -3.7252901319284604E-009
  0.90500000000000003       -3.7252901874396116E-009
  0.90625000000000000       -3.7252901319284604E-009
  0.90749999999999997       -3.7252901319284604E-009
  0.90875000000000006       -3.7252901874396116E-009
  0.91000000000000003       -3.7252901874396116E-009
  0.91125000000000000       -3.7252901874396116E-009
  0.91249999999999998       -3.7252901319284604E-009
  0.91375000000000006       -3.7252901874396116E-009
  0.91500000000000004       -3.7252902984619141E-009
  0.91625000000000001       -3.7252902984619141E-009
  0.91749999999999998       -3.7252902984619141E-009
  0.91875000000000007       -3.7252901874396116E-009
  0.92000000000000004       -3.7252901319284604E-009
  0.92125000000000001       -3.7252900764173091E-009
  0.92249999999999999       -3.7252900764173091E-009
  0.92375000000000007       -3.7252901874396116E-009
  0.92500000000000004       -3.7252901319284604E-009
  0.92625000000000002       -3.7252903817286409E-009
  0.92749999999999999       -3.7252901319284604E-009
  0.92874999999999996       -3.7252902984619141E-009
  0.93000000000000005       -3.7252902984619141E-009
  0.93125000000000002       -3.7252902984619141E-009
  0.93250000000000000       -3.7252901874396116E-009
  0.93374999999999997       -3.7252904649953678E-009
  0.93500000000000005       -3.7252902984619141E-009
  0.93625000000000003       -3.7252901874396116E-009
  0.93750000000000000       -3.7252905482620946E-009
  0.93874999999999997       -3.7252901319284604E-009
  0.94000000000000006       -3.7252901874396116E-009
  0.94125000000000003       -3.7252902984619141E-009
  0.94250000000000000       -3.7252901874396116E-009
  0.94374999999999998       -3.7252903817286409E-009
  0.94500000000000006       -3.7252901874396116E-009
  0.94625000000000004       -3.7252903539730653E-009
  0.94750000000000001       -3.7252901319284604E-009
  0.94874999999999998       -3.7252904649953678E-009
  0.95000000000000007       -3.7252901874396116E-009
  0.95125000000000004       -3.7252903817286409E-009
  0.95250000000000001       -3.7252901319284604E-009
  0.95374999999999999       -3.7252901874396116E-009
  0.95500000000000007       -3.7252904372397921E-009
  0.95625000000000004       -3.7252899653950067E-009
  0.95750000000000002       -3.7252905760176702E-009
  0.95874999999999999       -3.7252898543727042E-009
  0.95999999999999996       -3.7252905760176702E-009
  0.96125000000000005       -3.7252898543727042E-009
  0.96250000000000002       -3.7252905760176702E-009
  0.96375000000000000       -3.7252898543727042E-009
  0.96499999999999997       -3.7252905760176702E-009
  0.96625000000000005       -3.7252898543727042E-009
  0.96750000000000003       -3.7252905760176702E-009
  0.96875000000000000       -3.7252898543727042E-009
  0.96999999999999997       -3.7252905760176702E-009
  0.97125000000000006       -3.7252898543727042E-009
  0.97250000000000003       -3.7252905760176702E-009
  0.97375000000000000       -3.7252898543727042E-009
  0.97499999999999998       -3.7252905760176702E-009
  0.97625000000000006       -3.7252898543727042E-009
  0.97750000000000004       -3.7252905760176702E-009
  0.97875000000000001       -3.7252898543727042E-009
  0.97999999999999998       -3.7252905760176702E-009
  0.98125000000000007       -3.7252898543727042E-009
  0.98250000000000004       -3.7252905760176702E-009
  0.98375000000000001       -3.7252898543727042E-009
  0.98499999999999999       -3.7252905760176702E-009
  0.98625000000000007       -3.7252898543727042E-009
  0.98750000000000004       -3.7252905760176702E-009
  0.98875000000000002       -3.7252898543727042E-009
  0.98999999999999999       -3.7252905760176702E-009
  0.99125000000000008       -3.7252898543727042E-009
  0.99250000000000005       -3.7252905760176702E-009
  0.99375000000000002       -3.7252897433504017E-009
  0.99500000000000000       -3.7252904372397921E-009
  0.99624999999999997       -3.7252894102834944E-009
  0.99750000000000005       -3.7252897433504017E-009
  0.99875000000000003       -3.7252887996608308E-009
   1.0000000000000000       -3.7252902984619141E-009
