  -1.7000000000000000        18.741634536221493     
  -1.6730000000000000        18.741634536221493     
  -1.6459999999999999        18.741634536221493     
  -1.6190000000000000        18.741634536221493     
  -1.5919999999999999        18.741634536221493     
  -1.5649999999999999        18.741634536221493     
  -1.5379999999999998        18.741634536221493     
  -1.5109999999999999        18.741634536221493     
  -1.4840000000000000        18.741634536221493     
  -1.4569999999999999        18.741634536221493     
  -1.4299999999999999        18.741634536221493     
  -1.4030000000000000        18.741634536221493     
  -1.3759999999999999        18.741634536221493     
  -1.3490000000000000        18.741634536221493     
  -1.3219999999999998        18.741634536221493     
  -1.2949999999999999        18.741634536221493     
  -1.2679999999999998        18.741634536221493     
  -1.2409999999999999        18.741634536221493     
  -1.2140000000000000        18.741634536221493     
  -1.1869999999999998        18.741634536221493     
  -1.1599999999999999        18.741634536221493     
  -1.1330000000000000        18.741634536221493     
  -1.1059999999999999        18.741634536221493     
  -1.0789999999999997        18.741634536221493     
  -1.0519999999999998        18.741634536221493     
  -1.0249999999999999        18.741634536221493     
 -0.99799999999999989        18.741634536221493     
 -0.97099999999999986        18.741634536221493     
 -0.94399999999999984        18.741634536221493     
 -0.91699999999999982        18.741634536221493     
 -0.88999999999999990        18.741634536221493     
 -0.86299999999999988        18.741634536221493     
 -0.83599999999999985        18.741634536221493     
 -0.80899999999999983        18.741634536221493     
 -0.78199999999999981        18.741634536221493     
 -0.75499999999999989        18.741634536221493     
 -0.72799999999999987        18.741634536221493     
 -0.70099999999999985        18.741634536221493     
 -0.67399999999999993        18.741634536221493     
 -0.64699999999999980        18.741634536221493     
 -0.61999999999999988        18.741634536221493     
 -0.59299999999999975        18.741634536221493     
 -0.56599999999999984        18.741634536221493     
 -0.53899999999999992        18.741634536221493     
 -0.51199999999999979        18.741634536221493     
 -0.48499999999999988        18.741634536221493     
 -0.45799999999999974        18.741634536221493     
 -0.43099999999999983        18.741634536221493     
 -0.40399999999999969        18.741634536221493     
 -0.37699999999999978        18.741634536221493     
 -0.34999999999999987        18.741634536221493     
 -0.32299999999999973        18.741634536221493     
 -0.29599999999999982        18.741634536221493     
 -0.26899999999999968        18.741634536221493     
 -0.24199999999999977        18.741634536221493     
 -0.21499999999999986        18.741634536221493     
 -0.18799999999999972        18.741634536221493     
 -0.16099999999999981        18.741634536221493     
 -0.13399999999999967        18.741634536221493     
 -0.10699999999999976        18.741634536221493     
  -7.9999999999999849E-002   18.741634536221493     
  -5.2999999999999714E-002   18.741634536221493     
  -2.5999999999999801E-002   18.741634536221493     
   1.0000000000003340E-003   6.3574379464093180     
   2.8000000000000247E-002                       NaN
   5.5000000000000160E-002                       NaN
   8.2000000000000295E-002   15.167425742824634     
  0.10900000000000021        15.167425742824634     
  0.13600000000000034        15.167425742824634     
  0.16300000000000026        15.167425742824634     
  0.19000000000000017        15.167425742824634     
  0.21700000000000030        15.167425742824634     
  0.24400000000000022        15.167425742824634     
  0.27100000000000035        15.167425742824634     
  0.29800000000000026        15.167425742824634     
  0.32500000000000040        15.167425742824634     
  0.35200000000000009        15.167425742824634     
  0.37900000000000023        15.167425742824634     
  0.40600000000000036        15.167425742824634     
  0.43300000000000050        15.167425742824634     
  0.46000000000000019        15.167425742824634     
  0.48700000000000032        15.167425742824634     
  0.51400000000000046        15.167425742824634     
  0.54100000000000015        15.167425742824634     
  0.56800000000000028        15.167425742824634     
  0.59500000000000042        15.167425742824634     
  0.62200000000000011        15.167425742824634     
  0.64900000000000024        15.167425742824634     
  0.67600000000000038        15.167425742824634     
  0.70300000000000051        15.167425742824634     
  0.73000000000000020        15.167425742824634     
  0.75700000000000034        15.167425742824634     
  0.78400000000000047        15.167425742824634     
  0.81100000000000017        15.167425742824634     
  0.83800000000000030        15.167425742824634     
  0.86500000000000044        15.167425742824634     
  0.89200000000000057        15.167425742824634     
  0.91900000000000026        15.167425742824634     
  0.94600000000000040        15.167425742824634     
  0.97300000000000053        15.167425742824634     
   1.0000000000000002        15.167425742824634     
