  -1.7000000000000000       0.46883179320691104     
  -1.6730000000000000       0.46883179320691104     
  -1.6459999999999999       0.46883179320691104     
  -1.6190000000000000       0.46883179320691104     
  -1.5919999999999999       0.46883179320691104     
  -1.5649999999999999       0.46883179320691104     
  -1.5379999999999998       0.46883179320691104     
  -1.5109999999999999       0.46883179320691104     
  -1.4840000000000000       0.46883179320691104     
  -1.4569999999999999       0.46883179320691104     
  -1.4299999999999999       0.46883179320691104     
  -1.4030000000000000       0.46883179320691104     
  -1.3759999999999999       0.46883179320682178     
  -1.3490000000000000       0.46883179320291646     
  -1.3219999999999998       0.46883179303354261     
  -1.2949999999999999       0.46883178568145567     
  -1.2679999999999998       0.46883146622147898     
  -1.2409999999999999       0.46881754189704239     
  -1.2140000000000000       0.46819714805279400     
  -1.1869999999999998       0.43532474857573966     
  -1.1599999999999999       -5.1862966756460072E-002
  -1.1330000000000000      -0.72430683451074662     
  -1.1059999999999999       -1.0049635063015283     
  -1.0789999999999997       -1.0882744840200889     
  -1.0519999999999998       -1.1004824800519066     
  -1.0249999999999999       -1.1014430758185061     
 -0.99799999999999989       -1.1022624518027331     
 -0.97099999999999986       -1.1029759949985645     
 -0.94399999999999984       -1.1033536872473186     
 -0.91699999999999982       -1.1033717670500358     
 -0.88999999999999990       -1.1031538126090124     
 -0.86299999999999988       -1.1028727149630464     
 -0.83599999999999985       -1.1026675469072720     
 -0.80899999999999983       -1.1026015415233636     
 -0.78199999999999981       -1.1026620612839804     
 -0.75499999999999989       -1.1027893962523543     
 -0.72799999999999987       -1.1029150788762612     
 -0.70099999999999985       -1.1029918288314857     
 -0.67399999999999993       -1.1030054329142780     
 -0.64699999999999980       -1.1029692082743652     
 -0.61999999999999988       -1.1029089276186739     
 -0.59299999999999975       -1.1028477267815473     
 -0.56599999999999984       -1.1027975732840614     
 -0.53899999999999992       -1.1027590083802277     
 -0.51199999999999979       -1.1027266813426431     
 -0.48499999999999988       -1.1026962458297989     
 -0.45799999999999974       -1.1026687869847585     
 -0.43099999999999983       -1.1026512052172153     
 -0.40399999999999969       -1.1026533892858450     
 -0.37699999999999978       -1.1026843078177497     
 -0.34999999999999987       -1.1027489541129998     
 -0.32299999999999973       -1.1028469373026009     
 -0.29599999999999982       -1.1029723462215981     
 -0.26899999999999968       -1.1031140567536266     
 -0.24199999999999977       -1.1032560165409568     
 -0.21499999999999986       -1.1033777698091705     
 -0.18799999999999972       -1.1034559894637803     
 -0.16099999999999981       -1.1034677428600739     
 -0.13399999999999967       -1.1033957119775202     
 -0.10699999999999976       -1.1032348897332489     
  -7.9999999999999849E-002  -1.1029995703984077     
  -5.2999999999999714E-002  -1.1027288560538755     
  -2.5999999999999801E-002  -1.1024881937323314     
   1.0000000000003340E-003   1.4524997324858924     
   2.8000000000000247E-002                       NaN
   5.5000000000000160E-002                       NaN
   8.2000000000000295E-002  0.12175506342326003     
  0.10900000000000021       0.12092813173529460     
  0.13600000000000034       0.12012416906881795     
  0.16300000000000026       0.11964848884024470     
  0.19000000000000017       0.11982019024737545     
  0.21700000000000030       0.12084006895521893     
  0.24400000000000022       0.12264125924277747     
  0.27100000000000035       0.12477613585047154     
  0.29800000000000026       0.12623887388235189     
  0.32500000000000040       0.11804783855278567     
  0.35200000000000009        1.5381832676659046E-002
  0.37900000000000023      -0.43007805665574717     
  0.40600000000000036       -1.6656515982664384     
  0.43300000000000050       -3.6715012392343938     
  0.46000000000000019       -4.1260390638784195     
  0.48700000000000032       -4.1354066897974393     
  0.51400000000000046       -4.1355661991890171     
  0.54100000000000015       -4.1355694345514920     
  0.56800000000000028       -4.1355695009185336     
  0.59500000000000042       -4.1355695022860743     
  0.62200000000000011       -4.1355695023142989     
  0.64900000000000024       -4.1355695023148824     
  0.67600000000000038       -4.1355695023148904     
  0.70300000000000051       -4.1355695023148904     
  0.73000000000000020       -4.1355695023148904     
  0.75700000000000034       -4.1355695023148904     
  0.78400000000000047       -4.1355695023148904     
  0.81100000000000017       -4.1355695023148904     
  0.83800000000000030       -4.1355695023148904     
  0.86500000000000044       -4.1355695023148904     
  0.89200000000000057       -4.1355695023148904     
  0.91900000000000026       -4.1355695023148904     
  0.94600000000000040       -4.1355695023148904     
  0.97300000000000053       -4.1355695023148904     
   1.0000000000000002       -4.1355695023148904     
