  -1.7000000000000000        0.0000000000000000     
  -1.6730000000000000        0.0000000000000000     
  -1.6459999999999999        0.0000000000000000     
  -1.6190000000000000        0.0000000000000000     
  -1.5919999999999999        0.0000000000000000     
  -1.5649999999999999        0.0000000000000000     
  -1.5379999999999998        0.0000000000000000     
  -1.5109999999999999        0.0000000000000000     
  -1.4840000000000000        0.0000000000000000     
  -1.4569999999999999        0.0000000000000000     
  -1.4299999999999999        0.0000000000000000     
  -1.4030000000000000        0.0000000000000000     
  -1.3759999999999999        4.5519144009631418E-015
  -1.3490000000000000        2.1926904736346842E-013
  -1.3219999999999998        9.5047303361184277E-012
  -1.2949999999999999        4.1091785529800973E-010
  -1.2679999999999998        1.7674003038870012E-008
  -1.2409999999999999        7.4993717336102605E-007
  -1.2140000000000000        3.0136924615842275E-005
  -1.1869999999999998        7.3295179736154736E-004
  -1.1599999999999999        4.2735983653482412E-003
  -1.1330000000000000        6.2657552558723628E-003
  -1.1059999999999999        6.6090866634117562E-003
  -1.0789999999999997        6.6692191364324804E-003
  -1.0519999999999998        6.6759883806458697E-003
  -1.0249999999999999        6.6752630138586788E-003
 -0.99799999999999989        6.6740012688036865E-003
 -0.97099999999999986        6.6726788234507950E-003
 -0.94399999999999984        6.6714182720154502E-003
 -0.91699999999999982        6.6702219133447649E-003
 -0.88999999999999990        6.6690049908076920E-003
 -0.86299999999999988        6.6676502035173391E-003
 -0.83599999999999985        6.6660557428009914E-003
 -0.80899999999999983        6.6641603348779332E-003
 -0.78199999999999981        6.6619442952201569E-003
 -0.75499999999999989        6.6594139188692614E-003
 -0.72799999999999987        6.6565798321406300E-003
 -0.70099999999999985        6.6534393415443871E-003
 -0.67399999999999993        6.6499686896400734E-003
 -0.64699999999999980        6.6461255634169270E-003
 -0.61999999999999988        6.6418577146550861E-003
 -0.59299999999999975        6.6371121704754676E-003
 -0.56599999999999984        6.6318410596828414E-003
 -0.53899999999999992        6.6260024946500629E-003
 -0.51199999999999979        6.6195576417572566E-003
 -0.48499999999999988        6.6124664618052442E-003
 -0.45799999999999974        6.6046845364260420E-003
 -0.43099999999999983        6.5961622001129427E-003
 -0.40399999999999969        6.5868456783285678E-003
 -0.37699999999999978        6.5766789455280472E-003
 -0.34999999999999987        6.5656054415720311E-003
 -0.32299999999999973        6.5535678051998891E-003
 -0.29599999999999982        6.5405071338000553E-003
 -0.26899999999999968        6.5263621173592412E-003
 -0.24199999999999977        6.5110690691926321E-003
 -0.21499999999999986        6.4945634825391840E-003
 -0.18799999999999972        6.4767833741176117E-003
 -0.16099999999999981        6.4576744359289284E-003
 -0.13399999999999967        6.4371994973596580E-003
 -0.10699999999999976        6.4153474636631236E-003
  -7.9999999999999849E-002   6.3921457403126603E-003
  -5.2999999999999714E-002   6.3676728061866639E-003
  -2.5999999999999801E-002   6.3420677403148717E-003
   1.0000000000003340E-003  0.56338016470679053     
   2.8000000000000247E-002                       NaN
   5.5000000000000160E-002                       NaN
   8.2000000000000295E-002   4.9432896412396121E-002
  0.10900000000000021        4.9405061262490890E-002
  0.13600000000000034        4.9377197801935169E-002
  0.16300000000000026        4.9349174165901677E-002
  0.19000000000000017        4.9320805984546912E-002
  0.21700000000000030        4.9292039218044370E-002
  0.24400000000000022        4.9263150283740509E-002
  0.27100000000000035        4.9234931543805871E-002
  0.29800000000000026        4.9208503394753911E-002
  0.32500000000000040        4.9173971323243193E-002
  0.35200000000000009        4.8994396328656653E-002
  0.37900000000000023        4.7964336636885263E-002
  0.40600000000000036        4.2292879916414505E-002
  0.43300000000000050        1.6100072146802424E-002
  0.46000000000000019        1.2202506746064046E-003
  0.48700000000000032        3.1415636582265982E-005
  0.51400000000000046        6.7168089523672592E-007
  0.54100000000000015        1.4044207685692811E-008
  0.56800000000000028        2.9138280677187822E-010
  0.59500000000000042        6.0288440906219876E-012
  0.62200000000000011        1.2290168882600483E-013
  0.64900000000000024        1.4432899320127035E-015
  0.67600000000000038        0.0000000000000000     
  0.70300000000000051        0.0000000000000000     
  0.73000000000000020        0.0000000000000000     
  0.75700000000000034        0.0000000000000000     
  0.78400000000000047        0.0000000000000000     
  0.81100000000000017        0.0000000000000000     
  0.83800000000000030        0.0000000000000000     
  0.86500000000000044        0.0000000000000000     
  0.89200000000000057        0.0000000000000000     
  0.91900000000000026        0.0000000000000000     
  0.94600000000000040        0.0000000000000000     
  0.97300000000000053        0.0000000000000000     
   1.0000000000000002        0.0000000000000000     
