  -1.7000000000000000       -14.243289653885016     
  -1.6730000000000000       -14.243289653885016     
  -1.6459999999999999       -14.243289653885016     
  -1.6190000000000000       -14.243289653885016     
  -1.5919999999999999       -14.243289653885016     
  -1.5649999999999999       -14.243289653885016     
  -1.5379999999999998       -14.243289653885016     
  -1.5109999999999999       -14.243289653885016     
  -1.4840000000000000       -14.243289653885016     
  -1.4569999999999999       -14.243289653885016     
  -1.4299999999999999       -14.243289653885016     
  -1.4030000000000000       -14.243289653885022     
  -1.3759999999999999       -14.243289653885302     
  -1.3490000000000000       -14.243289653897506     
  -1.3219999999999998       -14.243289654425116     
  -1.2949999999999999       -14.243289677106890     
  -1.2679999999999998       -14.243290638836438     
  -1.2409999999999999       -14.243329978644596     
  -1.2140000000000000       -14.244807810074271     
  -1.1869999999999998       -14.301930244062039     
  -1.1599999999999999       -15.022313812551356     
  -1.1330000000000000       -15.933071208473958     
  -1.1059999999999999       -16.283648630162912     
  -1.0789999999999997       -16.375834828268776     
  -1.0519999999999998       -16.379028048862118     
  -1.0249999999999999       -16.367318735157017     
 -0.99799999999999989       -16.353637352121062     
 -0.97099999999999986       -16.337519966033835     
 -0.94399999999999984       -16.318297508051781     
 -0.91699999999999982       -16.295647235212833     
 -0.88999999999999990       -16.269466989465201     
 -0.86299999999999988       -16.239701566035531     
 -0.83599999999999985       -16.206206067387392     
 -0.80899999999999983       -16.168680590072373     
 -0.78199999999999981       -16.126672404640455     
 -0.75499999999999989       -16.079622538994222     
 -0.72799999999999987       -16.026925126009438     
 -0.70099999999999985       -15.967971148441427     
 -0.67399999999999993       -15.902161962607659     
 -0.64699999999999980       -15.828896149040773     
 -0.61999999999999988       -15.747542116978492     
 -0.59299999999999975       -15.657410967676372     
 -0.56599999999999984       -15.557742586272081     
 -0.53899999999999992       -15.447704708551516     
 -0.51199999999999979       -15.326401321082040     
 -0.48499999999999988       -15.192883368957826     
 -0.45799999999999974       -15.046156430533401     
 -0.43099999999999983       -14.885183904193365     
 -0.40399999999999969       -14.708887827424530     
 -0.37699999999999978       -14.516151294209862     
 -0.34999999999999987       -14.305835039983396     
 -0.32299999999999973       -14.076786837907033     
 -0.29599999999999982       -13.827866482048865     
 -0.26899999999999968       -13.557975120181567     
 -0.24199999999999977       -13.266089830355789     
 -0.21499999999999986       -12.951303605986809     
 -0.18799999999999972       -12.612870346797699     
 -0.16099999999999981       -12.250251385312581     
 -0.13399999999999967       -11.863205352228359     
 -0.10699999999999976       -11.451825300888956     
  -7.9999999999999849E-002  -11.016605373260003     
  -5.2999999999999714E-002  -10.558500367333473     
  -2.5999999999999801E-002  -10.078974996260737     
   1.0000000000003340E-003   2.8041610969942283     
   2.8000000000000247E-002                       NaN
   5.5000000000000160E-002                       NaN
   8.2000000000000295E-002  -4.4211117481937876     
  0.10900000000000021       -3.8759728029071283     
  0.13600000000000034       -3.3297380646173327     
  0.16300000000000026       -2.7872828063887436     
  0.19000000000000017       -2.2535804879751353     
  0.21700000000000030       -1.7338618195578608     
  0.24400000000000022       -1.2331771352437695     
  0.27100000000000035      -0.75623202788764843     
  0.29800000000000026      -0.30745743301118011     
  0.32500000000000040        9.4242903006891865E-002
  0.35200000000000009       0.28825312273222714     
  0.37900000000000023      -0.11354449629553720     
  0.40600000000000036       -1.6417626111457224     
  0.43300000000000050       -4.0262877594824626     
  0.46000000000000019       -4.5304442526919413     
  0.48700000000000032       -4.5387800827632940     
  0.51400000000000046       -4.5386792583684610     
  0.54100000000000015       -4.5386742293528588     
  0.56800000000000028       -4.5386741032510027     
  0.59500000000000042       -4.5386741004784437     
  0.62200000000000011       -4.5386741004199109     
  0.64900000000000024       -4.5386741004186888     
  0.67600000000000038       -4.5386741004186657     
  0.70300000000000051       -4.5386741004186657     
  0.73000000000000020       -4.5386741004186657     
  0.75700000000000034       -4.5386741004186657     
  0.78400000000000047       -4.5386741004186657     
  0.81100000000000017       -4.5386741004186657     
  0.83800000000000030       -4.5386741004186657     
  0.86500000000000044       -4.5386741004186657     
  0.89200000000000057       -4.5386741004186657     
  0.91900000000000026       -4.5386741004186657     
  0.94600000000000040       -4.5386741004186657     
  0.97300000000000053       -4.5386741004186657     
   1.0000000000000002       -4.5386741004186657     
