 $ DATA = CURVE2D
 % toplabel = "pressure"
 % xlabel = "x"
 % ylabel = "pressure"
 % xmin = "  -1.9700000000000000      "
 % xmax = "   1.2700000000000002      "
 % ymin = " -0.10000000000000001      "
 % ymax = "   1.1000000000000001      "
 % grid = true
 % markertype = 2
  -1.7000000000000000        1.0000000000000000     
  -1.6730000000000000        1.0000000000000000     
  -1.6459999999999999        1.0000000000000000     
  -1.6190000000000000        1.0000000000000000     
  -1.5919999999999999        1.0000000000000000     
  -1.5649999999999999        1.0000000000000000     
  -1.5379999999999998        1.0000000000000000     
  -1.5109999999999999        1.0000000000000000     
  -1.4840000000000000        1.0000000000000000     
  -1.4569999999999999        1.0000000000000000     
  -1.4299999999999999        1.0000000000000000     
  -1.4030000000000000        1.0000000000000000     
  -1.3759999999999999        1.0000000000000000     
  -1.3490000000000000        1.0000000000000000     
  -1.3219999999999998        1.0000000000000000     
  -1.2949999999999999        1.0000000000000000     
  -1.2679999999999998        1.0000000000000000     
  -1.2409999999999999        1.0000000000000000     
  -1.2140000000000000        1.0000000000000000     
  -1.1869999999999998        1.0000000000000000     
  -1.1599999999999999        1.0000000000000000     
  -1.1330000000000000        1.0000000000000000     
  -1.1059999999999999        1.0000000000000000     
  -1.0789999999999997        1.0000000000000000     
  -1.0519999999999998        1.0000000000000000     
  -1.0249999999999999        1.0000000000000000     
 -0.99799999999999989        1.0000000000000000     
 -0.97099999999999986        1.0000000000000000     
 -0.94399999999999984        1.0000000000000000     
 -0.91699999999999982        1.0000000000000000     
 -0.88999999999999990        1.0000000000000000     
 -0.86299999999999988        1.0000000000000000     
 -0.83599999999999985        1.0000000000000000     
 -0.80899999999999983        1.0000000000000000     
 -0.78199999999999981        1.0000000000000000     
 -0.75499999999999989        1.0000000000000000     
 -0.72799999999999987        1.0000000000000000     
 -0.70099999999999985        1.0000000000000000     
 -0.67399999999999993        1.0000000000000000     
 -0.64699999999999980        1.0000000000000000     
 -0.61999999999999988        1.0000000000000000     
 -0.59299999999999975        1.0000000000000000     
 -0.56599999999999984        1.0000000000000000     
 -0.53899999999999992        1.0000000000000000     
 -0.51199999999999979        1.0000000000000000     
 -0.48499999999999988        1.0000000000000000     
 -0.45799999999999974        1.0000000000000000     
 -0.43099999999999983        1.0000000000000000     
 -0.40399999999999969        1.0000000000000000     
 -0.37699999999999978        1.0000000000000000     
 -0.34999999999999987       0.10000000149011612     
 -0.32299999999999973       0.10000000149011612     
 -0.29599999999999982       0.10000000149011612     
 -0.26899999999999968       0.10000000149011612     
 -0.24199999999999977       0.10000000149011612     
 -0.21499999999999986       0.10000000149011612     
 -0.18799999999999972       0.10000000149011612     
 -0.16099999999999981       0.10000000149011612     
 -0.13399999999999967       0.10000000149011612     
 -0.10699999999999976       0.10000000149011612     
  -7.9999999999999849E-002  0.10000000149011612     
  -5.2999999999999714E-002  0.10000000149011612     
  -2.5999999999999801E-002  0.10000000149011612     
   1.0000000000003340E-003  0.10000000149011612     
   2.8000000000000247E-002  0.10000000149011612     
   5.5000000000000160E-002  0.10000000149011612     
   8.2000000000000295E-002  0.10000000149011612     
  0.10900000000000021       0.10000000149011612     
  0.13600000000000034       0.10000000149011612     
  0.16300000000000026       0.10000000149011612     
  0.19000000000000017       0.10000000149011612     
  0.21700000000000030       0.10000000149011612     
  0.24400000000000022       0.10000000149011612     
  0.27100000000000035       0.10000000149011612     
  0.29800000000000026       0.10000000149011612     
  0.32500000000000040       0.10000000149011612     
  0.35200000000000009       0.10000000149011612     
  0.37900000000000023       0.10000000149011612     
  0.40600000000000036       0.10000000149011612     
  0.43300000000000050       0.10000000149011612     
  0.46000000000000019       0.10000000149011612     
  0.48700000000000032       0.10000000149011612     
  0.51400000000000046       0.10000000149011612     
  0.54100000000000015       0.10000000149011612     
  0.56800000000000028       0.10000000149011612     
  0.59500000000000042       0.10000000149011612     
  0.62200000000000011       0.10000000149011612     
  0.64900000000000024       0.10000000149011612     
  0.67600000000000038       0.10000000149011612     
  0.70300000000000051       0.10000000149011612     
  0.73000000000000020       0.10000000149011612     
  0.75700000000000034       0.10000000149011612     
  0.78400000000000047       0.10000000149011612     
  0.81100000000000017       0.10000000149011612     
  0.83800000000000030       0.10000000149011612     
  0.86500000000000044       0.10000000149011612     
  0.89200000000000057       0.10000000149011612     
  0.91900000000000026       0.10000000149011612     
  0.94600000000000040       0.10000000149011612     
  0.97300000000000053       0.10000000149011612     
   1.0000000000000002       0.10000000149011612     

 % markertype = 1
  -1.7000000000000000        0.0000000000000000     
  -1.6730000000000000        0.0000000000000000     
  -1.6459999999999999        2.0000000000000000     
  -1.6190000000000000        2.0000000000000000     
  -1.5919999999999999        2.0000000000000000     
  -1.5649999999999999        2.0000000000000000     
  -1.5379999999999998        2.0000000000000000     
  -1.5109999999999999        2.0000000000000000     
  -1.4840000000000000        2.0000000000000000     
  -1.4569999999999999        2.0000000000000000     
  -1.4299999999999999        2.0000000000000000     
  -1.4030000000000000        2.0000000000000000     
  -1.3759999999999999        2.0000000000000000     
  -1.3490000000000000        2.0000000000000000     
  -1.3219999999999998        2.0000000000000000     
  -1.2949999999999999        2.0000000000000000     
  -1.2679999999999998        2.0000000000000000     
  -1.2409999999999999        2.0000000000000000     
  -1.2140000000000000        2.0000000000000000     
  -1.1869999999999998        2.0000000000000000     
  -1.1599999999999999        2.0000000000000000     
  -1.1330000000000000        2.0000000000000000     
  -1.1059999999999999        2.0000000000000000     
  -1.0789999999999997        2.0000000000000000     
  -1.0519999999999998        2.0000000000000000     
  -1.0249999999999999        2.0000000000000000     
 -0.99799999999999989        2.0000000000000000     
 -0.97099999999999986        2.0000000000000000     
 -0.94399999999999984        2.0000000000000000     
 -0.91699999999999982        2.0000000000000000     
 -0.88999999999999990        2.0000000000000000     
 -0.86299999999999988        2.0000000000000000     
 -0.83599999999999985        2.0000000000000000     
 -0.80899999999999983        2.0000000000000000     
 -0.78199999999999981        2.0000000000000000     
 -0.75499999999999989        2.0000000000000000     
 -0.72799999999999987        2.0000000000000000     
 -0.70099999999999985        2.0000000000000000     
 -0.67399999999999993        2.0000000000000000     
 -0.64699999999999980        2.0000000000000000     
 -0.61999999999999988        2.0000000000000000     
 -0.59299999999999975        2.0000000000000000     
 -0.56599999999999984        2.0000000000000000     
 -0.53899999999999992        2.0000000000000000     
 -0.51199999999999979        2.0000000000000000     
 -0.48499999999999988        2.0000000000000000     
 -0.45799999999999974        2.0000000000000000     
 -0.43099999999999983        2.0000000000000000     
 -0.40399999999999969        2.0000000000000000     
 -0.37699999999999978        2.0000000000000000     
 -0.34999999999999987        2.0000000000000000     
 -0.32299999999999973        2.0000000000000000     
 -0.29599999999999982        2.0000000000000000     
 -0.26899999999999968        2.0000000000000000     
 -0.24199999999999977        2.0000000000000000     
 -0.21499999999999986        2.0000000000000000     
 -0.18799999999999972        2.0000000000000000     
 -0.16099999999999981        2.0000000000000000     
 -0.13399999999999967        2.0000000000000000     
 -0.10699999999999976        2.0000000000000000     
  -7.9999999999999849E-002   2.0000000000000000     
  -5.2999999999999714E-002   2.0000000000000000     
  -2.5999999999999801E-002   2.0000000000000000     
   1.0000000000003340E-003   2.0000000000000000     
   2.8000000000000247E-002   2.0000000000000000     
   5.5000000000000160E-002   2.0000000000000000     
   8.2000000000000295E-002   2.0000000000000000     
  0.10900000000000021        2.0000000000000000     
  0.13600000000000034        2.0000000000000000     
  0.16300000000000026        2.0000000000000000     
  0.19000000000000017        2.0000000000000000     
  0.21700000000000030        2.0000000000000000     
  0.24400000000000022        2.0000000000000000     
  0.27100000000000035        2.0000000000000000     
  0.29800000000000026        2.0000000000000000     
  0.32500000000000040        2.0000000000000000     
  0.35200000000000009        2.0000000000000000     
  0.37900000000000023        2.0000000000000000     
  0.40600000000000036        2.0000000000000000     
  0.43300000000000050        2.0000000000000000     
  0.46000000000000019        2.0000000000000000     
  0.48700000000000032        2.0000000000000000     
  0.51400000000000046        2.0000000000000000     
  0.54100000000000015        2.0000000000000000     
  0.56800000000000028        2.0000000000000000     
  0.59500000000000042        2.0000000000000000     
  0.62200000000000011        2.0000000000000000     
  0.64900000000000024        2.0000000000000000     
  0.67600000000000038        2.0000000000000000     
  0.70300000000000051        2.0000000000000000     
  0.73000000000000020        2.0000000000000000     
  0.75700000000000034        2.0000000000000000     
  0.78400000000000047        2.0000000000000000     
  0.81100000000000017        2.0000000000000000     
  0.83800000000000030        2.0000000000000000     
  0.86500000000000044        2.0000000000000000     
  0.89200000000000057        2.0000000000000000     
  0.91900000000000026        2.0000000000000000     
  0.94600000000000040        2.0000000000000000     
  0.97300000000000053        2.0000000000000000     
   1.0000000000000002        2.0000000000000000     
