  -1.7000000000000000        2.5107682190954876     
  -1.6730000000000000        2.5107682190954876     
  -1.6459999999999999        2.5107682190954876     
  -1.6190000000000000        2.5107682190954876     
  -1.5919999999999999        2.5107682190954876     
  -1.5649999999999999        2.5107682190954876     
  -1.5379999999999998        2.5107682190954876     
  -1.5109999999999999        2.5107682190954876     
  -1.4840000000000000        2.5107682190954876     
  -1.4569999999999999        2.5107682190954876     
  -1.4299999999999999        2.5107682190954876     
  -1.4030000000000000        2.5107682190954876     
  -1.3759999999999999        2.5107682190954876     
  -1.3490000000000000        2.5107682190954876     
  -1.3219999999999998        2.5107682190954876     
  -1.2949999999999999        2.5107682190954876     
  -1.2679999999999998        2.5107682190954876     
  -1.2409999999999999        2.5107682190954876     
  -1.2140000000000000        2.5107682190954876     
  -1.1869999999999998        2.5107682190954876     
  -1.1599999999999999        2.5107682190954876     
  -1.1330000000000000        2.5107682190954876     
  -1.1059999999999999        2.5107682190954876     
  -1.0789999999999997        2.5107682190954876     
  -1.0519999999999998        2.5107682190954876     
  -1.0249999999999999        2.5107682190954876     
 -0.99799999999999989        2.5107682190954876     
 -0.97099999999999986        2.5107682190954876     
 -0.94399999999999984        2.5107682190954876     
 -0.91699999999999982        2.5107682190954876     
 -0.88999999999999990        2.5107682190954876     
 -0.86299999999999988        2.5107682190954876     
 -0.83599999999999985        2.5107682190954876     
 -0.80899999999999983        2.5107682190954876     
 -0.78199999999999981        2.5107682190954876     
 -0.75499999999999989        2.5107682190954876     
 -0.72799999999999987        2.5107682190954876     
 -0.70099999999999985        2.5107682190954876     
 -0.67399999999999993        2.5107682190954876     
 -0.64699999999999980        2.5107682190954876     
 -0.61999999999999988        2.5107682190954876     
 -0.59299999999999975        2.5107682190954876     
 -0.56599999999999984        2.5107682190954876     
 -0.53899999999999992        2.5107682190954876     
 -0.51199999999999979        2.5107682190954876     
 -0.48499999999999988        2.5107682190954876     
 -0.45799999999999974        2.5107682190954876     
 -0.43099999999999983        2.5107682190954876     
 -0.40399999999999969        2.5107682190954876     
 -0.37699999999999978        2.5107682190954876     
 -0.34999999999999987        2.5107682190954876     
 -0.32299999999999973        2.5107682190954876     
 -0.29599999999999982        2.5107682190954876     
 -0.26899999999999968        2.5107682190954876     
 -0.24199999999999977        2.5107682190954876     
 -0.21499999999999986        2.5107682190954876     
 -0.18799999999999972        2.5107682190954876     
 -0.16099999999999981        2.5107682190954876     
 -0.13399999999999967        2.5107682190954876     
 -0.10699999999999976        2.5107682190954876     
  -7.9999999999999849E-002   2.5107682190954876     
  -5.2999999999999714E-002   2.5107682190954876     
  -2.5999999999999801E-002   2.5107682190954876     
   1.0000000000003340E-003  -4.4095318954987091E-002
   2.8000000000000247E-002                       NaN
   5.5000000000000160E-002                       NaN
   8.2000000000000295E-002   1.2855695380776777     
  0.10900000000000021        1.2855695380776777     
  0.13600000000000034        1.2855695380776777     
  0.16300000000000026        1.2855695380776777     
  0.19000000000000017        1.2855695380776777     
  0.21700000000000030        1.2855695380776777     
  0.24400000000000022        1.2855695380776777     
  0.27100000000000035        1.2855695380776777     
  0.29800000000000026        1.2855695380776777     
  0.32500000000000040        1.2855695380776777     
  0.35200000000000009        1.2855695380776777     
  0.37900000000000023        1.2855695380776777     
  0.40600000000000036        1.2855695380776777     
  0.43300000000000050        1.2855695380776777     
  0.46000000000000019        1.2855695380776777     
  0.48700000000000032        1.2855695380776777     
  0.51400000000000046        1.2855695380776777     
  0.54100000000000015        1.2855695380776777     
  0.56800000000000028        1.2855695380776777     
  0.59500000000000042        1.2855695380776777     
  0.62200000000000011        1.2855695380776777     
  0.64900000000000024        1.2855695380776777     
  0.67600000000000038        1.2855695380776777     
  0.70300000000000051        1.2855695380776777     
  0.73000000000000020        1.2855695380776777     
  0.75700000000000034        1.2855695380776777     
  0.78400000000000047        1.2855695380776777     
  0.81100000000000017        1.2855695380776777     
  0.83800000000000030        1.2855695380776777     
  0.86500000000000044        1.2855695380776777     
  0.89200000000000057        1.2855695380776777     
  0.91900000000000026        1.2855695380776777     
  0.94600000000000040        1.2855695380776777     
  0.97300000000000053        1.2855695380776777     
   1.0000000000000002        1.2855695380776777     
