           1   2.7512044484186760     
           2   2.7512045246363539     
           3   2.7512046413657116     
           4   2.7512049006736392     
           5   2.7512054894037994     
           6   2.7512068111513908     
           7   2.7512097391532677     
           8   2.7512161401719228     
           9   2.7512299548448782     
          10   2.7512594014526108     
          11   2.7513214238992783     
          12   2.7514505821113557     
          13   2.7517166634662504     
          14   2.7522592773748595     
          15   2.7533552192196309     
          16   2.7555481915953601     
          17   2.7598939728580616     
          18   2.7684059167320179     
          19   2.7847917564183624     
          20   2.8153930820010031     
          21   2.8694477940634564     
          22   2.9562052596952211     
          23   3.0767865051602130     
          24   3.2164274157519475     
          25   3.3494032890045311     
          26   3.4548146372205553     
          27   3.5262584195395799     
          28   3.5690170737142735     
          29   3.5924240016018456     
          30   3.6045771574521797     
          31   3.6107750984182245     
          32   3.6139721382288181     
          33   3.6156461403552491     
          34   3.6164511261906434     
          35   3.6165934296251159     
          36   3.6160202034766771     
          37   3.6145035450496383     
          38   3.6116730621181334     
          39   3.6070273972319287     
          40   3.5999427444450141     
          41   3.5896898310807552     
          42   3.5754668564178389     
          43   3.5564523863368231     
          44   3.5318781286542213     
          45   3.5011166520339296     
          46   3.4637740495214278     
          47   3.4197735115306989     
          48   3.3694142413629837     
          49   3.3133922391410073     
          50   3.2527753224866935     
          51   3.1889331510605032     
          52   3.1234317237719771     
          53   3.0579083230752029     
          54   2.9939454412323916     
          55   2.9329604961133944     
          56   2.8761231836767749     
          57   2.8243059689581136     
          58   2.7780673137296077     
          59   2.7376629738293614     
          60   2.7030784446042282     
          61   2.6740751099987712     
          62   2.6502432691440245     
          63   2.6310563743683897     
          64   2.6159221167702897     
          65   2.6042271744912506     
          66   2.5953734228582030     
          67   2.5888039804739482     
          68   2.5840166551847474     
          69   2.5805579132668970     
          70   2.5779722564798684     
          71   2.5756242005868062     
          72   2.5721146141661464     
          73   2.5633908028833505     
          74   2.5369760720948267     
          75   2.4646322739566209     
          76   2.3154116403977514     
          77   2.0868196546169666     
          78   1.8473984795858112     
          79   1.6882510231552055     
          80   1.6177420742642263     
          81   1.5930598450916162     
          82   1.5850902175098616     
          83   1.5825455889050601     
          84   1.5817294065402518     
          85   1.5814665733691819     
          86   1.5813818173137881     
          87   1.5813544989004067     
          88   1.5813457080373703     
          89   1.5813428861608909     
          90   1.5813419832161935     
          91   1.5813416954147759     
          92   1.5813416041049473     
          93   1.5813415752904976     
          94   1.5813415662531336     
          95   1.5813415634381052     
          96   1.5813415625679212     
          97   1.5813415623011644     
          98   1.5813415622201212     
          99   1.5813415621957205     
         100   1.5813415621883418     
         101   1.5813415621854678     
