 $ DATA = CURVE2D
 % toplabel = "pressure"
 % xlabel = "x"
 % ylabel = "pressure"
 % xmin = " -0.10000000000000001      "
 % xmax = "   1.1000000000000001      "
 % ymin = "  -6.6666666666666680E-003 "
 % ymax = "   1.0066666666666666      "
 % grid = true
 % markertype = 2
   0.0000000000000000        6.6666666666666680E-002
   1.2500000000000000E-003   6.6666666666666680E-002
   2.5000000000000001E-003   6.6666666666666680E-002
   3.7499999999999999E-003   6.6666666666666680E-002
   5.0000000000000001E-003   6.6666666666666680E-002
   6.2500000000000003E-003   6.6666666666666680E-002
   7.4999999999999997E-003   6.6666666666666680E-002
   8.7500000000000008E-003   6.6666666666666680E-002
   1.0000000000000000E-002   6.6666666666666680E-002
   1.1250000000000000E-002   6.6666666666666680E-002
   1.2500000000000001E-002   6.6666666666666680E-002
   1.3750000000000000E-002   6.6666666666666680E-002
   1.4999999999999999E-002   6.6666666666666680E-002
   1.6250000000000001E-002   6.6666666666666680E-002
   1.7500000000000002E-002   6.6666666666666680E-002
   1.8749999999999999E-002   6.6666666666666680E-002
   2.0000000000000000E-002   6.6666666666666680E-002
   2.1250000000000002E-002   6.6666666666666680E-002
   2.2499999999999999E-002   6.6666666666666680E-002
   2.3750000000000000E-002   6.6666666666666680E-002
   2.5000000000000001E-002   6.6666666666666680E-002
   2.6249999999999999E-002   6.6666666666666680E-002
   2.7500000000000000E-002   6.6666666666666680E-002
   2.8750000000000001E-002   6.6666666666666680E-002
   2.9999999999999999E-002   6.6666666666666680E-002
   3.1250000000000000E-002   6.6666666666666680E-002
   3.2500000000000001E-002   6.6666666666666680E-002
   3.3750000000000002E-002   6.6666666666666680E-002
   3.5000000000000003E-002   6.6666666666666680E-002
   3.6249999999999998E-002   6.6666666666666680E-002
   3.7499999999999999E-002   6.6666666666666680E-002
   3.8750000000000000E-002   6.6666666666666680E-002
   4.0000000000000001E-002   6.6666666666666680E-002
   4.1250000000000002E-002   6.6666666666666680E-002
   4.2500000000000003E-002   6.6666666666666680E-002
   4.3750000000000004E-002   6.6666666666666680E-002
   4.4999999999999998E-002   6.6666666666666680E-002
   4.6249999999999999E-002   6.6666666666666680E-002
   4.7500000000000001E-002   6.6666666666666680E-002
   4.8750000000000002E-002   6.6666666666666680E-002
   5.0000000000000003E-002   6.6666666666666680E-002
   5.1250000000000004E-002   6.6666666666666680E-002
   5.2499999999999998E-002   6.6666666666666680E-002
   5.3749999999999999E-002   6.6666666666666680E-002
   5.5000000000000000E-002   6.6666666666666680E-002
   5.6250000000000001E-002   6.6666666666666680E-002
   5.7500000000000002E-002   6.6666666666666680E-002
   5.8750000000000004E-002   6.6666666666666680E-002
   5.9999999999999998E-002   6.6666666666666680E-002
   6.1249999999999999E-002   6.6666666666666680E-002
   6.2500000000000000E-002   6.6666666666666680E-002
   6.3750000000000001E-002   6.6666666666666680E-002
   6.5000000000000002E-002   6.6666666666666680E-002
   6.6250000000000003E-002   6.6666666666666680E-002
   6.7500000000000004E-002   6.6666666666666680E-002
   6.8750000000000006E-002   6.6666666666666680E-002
   7.0000000000000007E-002   6.6666666666666680E-002
   7.1250000000000008E-002   6.6666666666666680E-002
   7.2499999999999995E-002   6.6666666666666680E-002
   7.3749999999999996E-002   6.6666666666666680E-002
   7.4999999999999997E-002   6.6666666666666680E-002
   7.6249999999999998E-002   6.6666666666666680E-002
   7.7499999999999999E-002   6.6666666666666680E-002
   7.8750000000000001E-002   6.6666666666666680E-002
   8.0000000000000002E-002   6.6666666666666680E-002
   8.1250000000000003E-002   6.6666666666666680E-002
   8.2500000000000004E-002   6.6666666666666680E-002
   8.3750000000000005E-002   6.6666666666666680E-002
   8.5000000000000006E-002   6.6666666666666680E-002
   8.6250000000000007E-002   6.6666666666666680E-002
   8.7500000000000008E-002   6.6666666666666680E-002
   8.8749999999999996E-002   6.6666666666666680E-002
   8.9999999999999997E-002   6.6666666666666680E-002
   9.1249999999999998E-002   6.6666666666666680E-002
   9.2499999999999999E-002   6.6666666666666680E-002
   9.3750000000000000E-002   6.6666666666666680E-002
   9.5000000000000001E-002   6.6666666666666680E-002
   9.6250000000000002E-002   6.6666666666666680E-002
   9.7500000000000003E-002   6.6666666666666680E-002
   9.8750000000000004E-002   6.6666666666666680E-002
  0.10000000000000001        6.6666666666666680E-002
  0.10125000000000001        6.6666666666666680E-002
  0.10250000000000001        6.6666666666666680E-002
  0.10375000000000001        6.6666666666666680E-002
  0.10500000000000000        6.6666666666666680E-002
  0.10625000000000000        6.6666666666666680E-002
  0.10750000000000000        6.6666666666666680E-002
  0.10875000000000000        6.6666666666666680E-002
  0.11000000000000000        6.6666666666666680E-002
  0.11125000000000000        6.6666666666666680E-002
  0.11250000000000000        6.6666666666666680E-002
  0.11375000000000000        6.6666666666666680E-002
  0.11500000000000000        6.6666666666666680E-002
  0.11625000000000001        6.6666666666666680E-002
  0.11750000000000001        6.6666666666666680E-002
  0.11875000000000001        6.6666666666666680E-002
  0.12000000000000000        6.6666666666666680E-002
  0.12125000000000000        6.6666666666666680E-002
  0.12250000000000000        6.6666666666666680E-002
  0.12375000000000000        6.6666666666666680E-002
  0.12500000000000000        6.6666666666666680E-002
  0.12625000000000000        6.6666666666666680E-002
  0.12750000000000000        6.6666666666666680E-002
  0.12875000000000000        6.6666666666666680E-002
  0.13000000000000000        6.6666666666666680E-002
  0.13125000000000001        6.6666666666666680E-002
  0.13250000000000001        6.6666666666666680E-002
  0.13375000000000001        6.6666666666666680E-002
  0.13500000000000001        6.6666666666666680E-002
  0.13625000000000001        6.6666666666666680E-002
  0.13750000000000001        6.6666666666666680E-002
  0.13875000000000001        6.6666666666666680E-002
  0.14000000000000001        6.6666666666666680E-002
  0.14125000000000001        6.6666666666666680E-002
  0.14250000000000002        6.6666666666666680E-002
  0.14375000000000002        6.6666666666666680E-002
  0.14499999999999999        6.6666666666666680E-002
  0.14624999999999999        6.6666666666666680E-002
  0.14749999999999999        6.6666666666666680E-002
  0.14874999999999999        6.6666666666666680E-002
  0.14999999999999999        6.6666666666666680E-002
  0.15125000000000000        6.6666666666666680E-002
  0.15250000000000000        6.6666666666666680E-002
  0.15375000000000000        6.6666666666666680E-002
  0.15500000000000000        6.6666666666666680E-002
  0.15625000000000000        6.6666666666666680E-002
  0.15750000000000000        6.6666666666666680E-002
  0.15875000000000000        6.6666666666666680E-002
  0.16000000000000000        6.6666666666666680E-002
  0.16125000000000000        6.6666666666666680E-002
  0.16250000000000001        6.6666666666666680E-002
  0.16375000000000001        6.6666666666666680E-002
  0.16500000000000001        6.6666666666666680E-002
  0.16625000000000001        6.6666666666666680E-002
  0.16750000000000001        6.6666666666666680E-002
  0.16875000000000001        6.6666666666666680E-002
  0.17000000000000001        6.6666666666666680E-002
  0.17125000000000001        6.6666666666666680E-002
  0.17250000000000001        6.6666666666666680E-002
  0.17375000000000002        6.6666666666666680E-002
  0.17500000000000002        6.6666666666666680E-002
  0.17624999999999999        6.6666666666666680E-002
  0.17749999999999999        6.6666666666666680E-002
  0.17874999999999999        6.6666666666666680E-002
  0.17999999999999999        6.6666666666666680E-002
  0.18124999999999999        6.6666666666666680E-002
  0.18250000000000000        6.6666666666666680E-002
  0.18375000000000000        6.6666666666666680E-002
  0.18500000000000000        6.6666666666666680E-002
  0.18625000000000000        6.6666666666666680E-002
  0.18750000000000000        6.6666666666666680E-002
  0.18875000000000000        6.6666666666666680E-002
  0.19000000000000000        6.6666666666666680E-002
  0.19125000000000000        6.6666666666666680E-002
  0.19250000000000000        6.6666666666666680E-002
  0.19375000000000001        6.6666666666666680E-002
  0.19500000000000001        6.6666666666666680E-002
  0.19625000000000001        6.6666666666666680E-002
  0.19750000000000001        6.6666666666666680E-002
  0.19875000000000001        6.6666666666666680E-002
  0.20000000000000001        6.6666666666666680E-002
  0.20125000000000001        6.6666666666666680E-002
  0.20250000000000001        6.6666666666666680E-002
  0.20375000000000001        6.6666666666666680E-002
  0.20500000000000002        6.6666666666666680E-002
  0.20625000000000002        6.6666666666666680E-002
  0.20750000000000002        6.6666666666666680E-002
  0.20874999999999999        6.6666666666666680E-002
  0.20999999999999999        6.6666666666666680E-002
  0.21124999999999999        6.6666666666666680E-002
  0.21249999999999999        6.6666666666666680E-002
  0.21375000000000000        6.6666666666666680E-002
  0.21500000000000000        6.6666666666666680E-002
  0.21625000000000000        6.6666666666666680E-002
  0.21750000000000000        6.6666666666666680E-002
  0.21875000000000000        6.6666666666666680E-002
  0.22000000000000000        6.6666666666666680E-002
  0.22125000000000000        6.6666666666666680E-002
  0.22250000000000000        6.6666666666666680E-002
  0.22375000000000000        6.6666666666666680E-002
  0.22500000000000001        6.6666666666666680E-002
  0.22625000000000001        6.6666666666666680E-002
  0.22750000000000001        6.6666666666666680E-002
  0.22875000000000001        6.6666666666666680E-002
  0.23000000000000001        6.6666666666666680E-002
  0.23125000000000001        6.6666666666666680E-002
  0.23250000000000001        6.6666666666666680E-002
  0.23375000000000001        6.6666666666666680E-002
  0.23500000000000001        6.6666666666666680E-002
  0.23625000000000002        6.6666666666666680E-002
  0.23750000000000002        6.6666666666666680E-002
  0.23875000000000002        6.6666666666666680E-002
  0.23999999999999999        6.6666666666666680E-002
  0.24124999999999999        6.6666666666666680E-002
  0.24249999999999999        6.6666666666666680E-002
  0.24374999999999999        6.6666666666666680E-002
  0.24500000000000000        6.6666666666666680E-002
  0.24625000000000000        6.6666666666666680E-002
  0.24750000000000000        6.6666666666666680E-002
  0.24875000000000000        6.6666666666666680E-002
  0.25000000000000000        6.6666666666666680E-002
  0.25125000000000003        6.6666666666666680E-002
  0.25250000000000000        6.6666666666666680E-002
  0.25375000000000003        6.6666666666666680E-002
  0.25500000000000000        6.6666666666666680E-002
  0.25624999999999998        6.6666666666666680E-002
  0.25750000000000001        6.6666666666666680E-002
  0.25874999999999998        6.6666666666666680E-002
  0.26000000000000001        6.6666666666666680E-002
  0.26124999999999998        6.6666666666666680E-002
  0.26250000000000001        6.6666666666666680E-002
  0.26374999999999998        6.6666666666666680E-002
  0.26500000000000001        6.6666666666666680E-002
  0.26624999999999999        6.6666666666666680E-002
  0.26750000000000002        6.6666666666666680E-002
  0.26874999999999999        6.6666666666666680E-002
  0.27000000000000002        6.6666666666666680E-002
  0.27124999999999999        6.6666666666666680E-002
  0.27250000000000002        6.6666666666666680E-002
  0.27374999999999999        6.6666666666666680E-002
  0.27500000000000002        6.6666666666666680E-002
  0.27625000000000000        6.6666666666666680E-002
  0.27750000000000002        6.6666666666666680E-002
  0.27875000000000000        6.6666666666666680E-002
  0.28000000000000003        6.6666666666666680E-002
  0.28125000000000000        6.6666666666666680E-002
  0.28250000000000003        6.6666666666666680E-002
  0.28375000000000000        6.6666666666666680E-002
  0.28500000000000003        6.6666666666666680E-002
  0.28625000000000000        6.6666666666666680E-002
  0.28750000000000003        6.6666666666666680E-002
  0.28875000000000001        6.6666666666666680E-002
  0.28999999999999998        6.6666666666666680E-002
  0.29125000000000001        6.6666666666666680E-002
  0.29249999999999998        6.6666666666666680E-002
  0.29375000000000001        6.6666666666666680E-002
  0.29499999999999998        6.6666666666666680E-002
  0.29625000000000001        6.6666666666666680E-002
  0.29749999999999999        6.6666666666666680E-002
  0.29875000000000002        6.6666666666666680E-002
  0.29999999999999999        6.6666666666666680E-002
  0.30125000000000002        6.6666666666666680E-002
  0.30249999999999999        6.6666666666666680E-002
  0.30375000000000002        6.6666666666666680E-002
  0.30499999999999999        6.6666666666666680E-002
  0.30625000000000002        6.6666666666666680E-002
  0.30750000000000000        6.6666666666666680E-002
  0.30875000000000002        6.6666666666666680E-002
  0.31000000000000000        6.6666666666666680E-002
  0.31125000000000003        6.6666666666666680E-002
  0.31250000000000000        6.6666666666666680E-002
  0.31375000000000003        6.6666666666666680E-002
  0.31500000000000000        6.6666666666666680E-002
  0.31625000000000003        6.6666666666666680E-002
  0.31750000000000000        6.6666666666666680E-002
  0.31875000000000003        6.6666666666666680E-002
  0.32000000000000001        6.6666666666666680E-002
  0.32124999999999998        6.6666666666666680E-002
  0.32250000000000001        6.6666666666666680E-002
  0.32374999999999998        6.6666666666666680E-002
  0.32500000000000001        6.6666666666666680E-002
  0.32624999999999998        6.6666666666666680E-002
  0.32750000000000001        6.6666666666666680E-002
  0.32874999999999999        6.6666666666666680E-002
  0.33000000000000002        6.6666666666666680E-002
  0.33124999999999999        6.6666666666666680E-002
  0.33250000000000002        6.6666666666666680E-002
  0.33374999999999999        6.6666666666666680E-002
  0.33500000000000002        6.6666666666666680E-002
  0.33624999999999999        6.6666666666666680E-002
  0.33750000000000002        6.6666666666666680E-002
  0.33875000000000000        6.6666666666666680E-002
  0.34000000000000002        6.6666666666666680E-002
  0.34125000000000000        6.6666666666666680E-002
  0.34250000000000003        6.6666666666666680E-002
  0.34375000000000000        6.6666666666666680E-002
  0.34500000000000003        6.6666666666666680E-002
  0.34625000000000000        6.6666666666666680E-002
  0.34750000000000003        6.6666666666666680E-002
  0.34875000000000000        6.6666666666666680E-002
  0.35000000000000003        6.6666666666666680E-002
  0.35125000000000001        6.6666666666666680E-002
  0.35249999999999998        6.6666666666666680E-002
  0.35375000000000001        6.6666666666666680E-002
  0.35499999999999998        6.6666666666666680E-002
  0.35625000000000001        6.6666666666666680E-002
  0.35749999999999998        6.6666666666666680E-002
  0.35875000000000001        6.6666666666666680E-002
  0.35999999999999999        6.6666666666666680E-002
  0.36125000000000002        6.6666666666666680E-002
  0.36249999999999999        6.6666666666666680E-002
  0.36375000000000002        6.6666666666666680E-002
  0.36499999999999999        6.6666666666666680E-002
  0.36625000000000002        6.6666666666666680E-002
  0.36749999999999999        6.6666666666666680E-002
  0.36875000000000002        6.6666666666666680E-002
  0.37000000000000000        6.6666666666666680E-002
  0.37125000000000002        6.6666666666666680E-002
  0.37250000000000000        6.6666666666666680E-002
  0.37375000000000003        6.6666666666666680E-002
  0.37500000000000000        6.6666666666666680E-002
  0.37625000000000003        6.6666666666666680E-002
  0.37750000000000000        6.6666666666666680E-002
  0.37875000000000003        6.6666666666666680E-002
  0.38000000000000000        6.6666666666666680E-002
  0.38125000000000003        6.6666666666666680E-002
  0.38250000000000001        6.6666666666666680E-002
  0.38375000000000004        6.6666666666666680E-002
  0.38500000000000001        6.6666666666666680E-002
  0.38624999999999998        6.6666666666666680E-002
  0.38750000000000001        6.6666666666666680E-002
  0.38874999999999998        6.6666666666666680E-002
  0.39000000000000001        6.6666666666666680E-002
  0.39124999999999999        6.6666666666666680E-002
  0.39250000000000002        6.6666666666666680E-002
  0.39374999999999999        6.6666666666666680E-002
  0.39500000000000002        6.6666666666666680E-002
  0.39624999999999999        6.6666666666666680E-002
  0.39750000000000002        6.6666666666666680E-002
  0.39874999999999999        6.6666666666666680E-002
  0.40000000000000002        6.6666666666666680E-002
  0.40125000000000000        6.6666666666666680E-002
  0.40250000000000002        6.6666666666666680E-002
  0.40375000000000000        6.6666666666666680E-002
  0.40500000000000003        6.6666666666666680E-002
  0.40625000000000000        6.6666666666666680E-002
  0.40750000000000003        6.6666666666666680E-002
  0.40875000000000000        6.6666666666666680E-002
  0.41000000000000003        6.6666666666666680E-002
  0.41125000000000000        6.6666666666666680E-002
  0.41250000000000003        6.6666666666666680E-002
  0.41375000000000001        6.6666666666666680E-002
  0.41500000000000004        6.6666666666666680E-002
  0.41625000000000001        6.6666666666666680E-002
  0.41749999999999998        6.6666666666666680E-002
  0.41875000000000001        6.6666666666666680E-002
  0.41999999999999998        6.6666666666666680E-002
  0.42125000000000001        6.6666666666666680E-002
  0.42249999999999999        6.6666666666666680E-002
  0.42375000000000002        6.6666666666666680E-002
  0.42499999999999999        6.6666666666666680E-002
  0.42625000000000002        6.6666666666666680E-002
  0.42749999999999999        6.6666666666666680E-002
  0.42875000000000002        6.6666666666666680E-002
  0.42999999999999999        6.6666666666666680E-002
  0.43125000000000002        6.6666666666666680E-002
  0.43250000000000000        6.6666666666666680E-002
  0.43375000000000002        6.6666666666666680E-002
  0.43500000000000000        6.6666666666666680E-002
  0.43625000000000003        6.6666666666666680E-002
  0.43750000000000000        6.6666666666666680E-002
  0.43875000000000003        6.6666666666666680E-002
  0.44000000000000000        6.6666666666666680E-002
  0.44125000000000003        6.6666666666666680E-002
  0.44250000000000000        6.6666666666666680E-002
  0.44375000000000003        6.6666666666666680E-002
  0.44500000000000001        6.6666666666666680E-002
  0.44625000000000004        6.6666666666666680E-002
  0.44750000000000001        6.6666666666666680E-002
  0.44874999999999998        6.6666666666666680E-002
  0.45000000000000001        6.6666666666666680E-002
  0.45124999999999998        6.6666666666666680E-002
  0.45250000000000001        6.6666666666666680E-002
  0.45374999999999999        6.6666666666666680E-002
  0.45500000000000002        6.6666666666666680E-002
  0.45624999999999999        6.6666666666666680E-002
  0.45750000000000002        6.6666666666666680E-002
  0.45874999999999999        6.6666666666666680E-002
  0.46000000000000002        6.6666666666666680E-002
  0.46124999999999999        6.6666666666666680E-002
  0.46250000000000002        6.6666666666666680E-002
  0.46375000000000000        6.6666666666666680E-002
  0.46500000000000002        6.6666666666666680E-002
  0.46625000000000000        6.6666666666666680E-002
  0.46750000000000003        6.6666666666666680E-002
  0.46875000000000000        6.6666666666666680E-002
  0.47000000000000003        6.6666666666666680E-002
  0.47125000000000000        6.6666666666666680E-002
  0.47250000000000003        6.6666666666666680E-002
  0.47375000000000000        6.6666666666666680E-002
  0.47500000000000003        6.6666666666666680E-002
  0.47625000000000001        6.6666666666666680E-002
  0.47750000000000004        6.6666666666666680E-002
  0.47875000000000001        6.6666666666666680E-002
  0.47999999999999998        6.6666666666666680E-002
  0.48125000000000001        6.6666666666666680E-002
  0.48249999999999998        6.6666666666666680E-002
  0.48375000000000001        6.6666666666666680E-002
  0.48499999999999999        6.6666666666666680E-002
  0.48625000000000002        6.6666666666666680E-002
  0.48749999999999999        6.6666666666666680E-002
  0.48875000000000002        6.6666666666666680E-002
  0.48999999999999999        6.6666666666666680E-002
  0.49125000000000002        6.6666666666666680E-002
  0.49249999999999999        6.6666666666666680E-002
  0.49375000000000002        6.6666666666666680E-002
  0.49500000000000000        6.6666666666666680E-002
  0.49625000000000002        6.6666666666666680E-002
  0.49750000000000000        6.6666666666666680E-002
  0.49875000000000003        6.6666666666666680E-002
  0.50000000000000000        6.6666666666666682E-011
  0.50124999999999997        6.6666666666666682E-011
  0.50250000000000006        6.6666666666666682E-011
  0.50375000000000003        6.6666666666666682E-011
  0.50500000000000000        6.6666666666666682E-011
  0.50624999999999998        6.6666666666666682E-011
  0.50750000000000006        6.6666666666666682E-011
  0.50875000000000004        6.6666666666666682E-011
  0.51000000000000001        6.6666666666666682E-011
  0.51124999999999998        6.6666666666666682E-011
  0.51249999999999996        6.6666666666666682E-011
  0.51375000000000004        6.6666666666666682E-011
  0.51500000000000001        6.6666666666666682E-011
  0.51624999999999999        6.6666666666666682E-011
  0.51749999999999996        6.6666666666666682E-011
  0.51875000000000004        6.6666666666666682E-011
  0.52000000000000002        6.6666666666666682E-011
  0.52124999999999999        6.6666666666666682E-011
  0.52249999999999996        6.6666666666666682E-011
  0.52375000000000005        6.6666666666666682E-011
  0.52500000000000002        6.6666666666666682E-011
  0.52625000000000000        6.6666666666666682E-011
  0.52749999999999997        6.6666666666666682E-011
  0.52875000000000005        6.6666666666666682E-011
  0.53000000000000003        6.6666666666666682E-011
  0.53125000000000000        6.6666666666666682E-011
  0.53249999999999997        6.6666666666666682E-011
  0.53375000000000006        6.6666666666666682E-011
  0.53500000000000003        6.6666666666666682E-011
  0.53625000000000000        6.6666666666666682E-011
  0.53749999999999998        6.6666666666666682E-011
  0.53875000000000006        6.6666666666666682E-011
  0.54000000000000004        6.6666666666666682E-011
  0.54125000000000001        6.6666666666666682E-011
  0.54249999999999998        6.6666666666666682E-011
  0.54375000000000007        6.6666666666666682E-011
  0.54500000000000004        6.6666666666666682E-011
  0.54625000000000001        6.6666666666666682E-011
  0.54749999999999999        6.6666666666666682E-011
  0.54874999999999996        6.6666666666666682E-011
  0.55000000000000004        6.6666666666666682E-011
  0.55125000000000002        6.6666666666666682E-011
  0.55249999999999999        6.6666666666666682E-011
  0.55374999999999996        6.6666666666666682E-011
  0.55500000000000005        6.6666666666666682E-011
  0.55625000000000002        6.6666666666666682E-011
  0.55750000000000000        6.6666666666666682E-011
  0.55874999999999997        6.6666666666666682E-011
  0.56000000000000005        6.6666666666666682E-011
  0.56125000000000003        6.6666666666666682E-011
  0.56250000000000000        6.6666666666666682E-011
  0.56374999999999997        6.6666666666666682E-011
  0.56500000000000006        6.6666666666666682E-011
  0.56625000000000003        6.6666666666666682E-011
  0.56750000000000000        6.6666666666666682E-011
  0.56874999999999998        6.6666666666666682E-011
  0.57000000000000006        6.6666666666666682E-011
  0.57125000000000004        6.6666666666666682E-011
  0.57250000000000001        6.6666666666666682E-011
  0.57374999999999998        6.6666666666666682E-011
  0.57500000000000007        6.6666666666666682E-011
  0.57625000000000004        6.6666666666666682E-011
  0.57750000000000001        6.6666666666666682E-011
  0.57874999999999999        6.6666666666666682E-011
  0.57999999999999996        6.6666666666666682E-011
  0.58125000000000004        6.6666666666666682E-011
  0.58250000000000002        6.6666666666666682E-011
  0.58374999999999999        6.6666666666666682E-011
  0.58499999999999996        6.6666666666666682E-011
  0.58625000000000005        6.6666666666666682E-011
  0.58750000000000002        6.6666666666666682E-011
  0.58875000000000000        6.6666666666666682E-011
  0.58999999999999997        6.6666666666666682E-011
  0.59125000000000005        6.6666666666666682E-011
  0.59250000000000003        6.6666666666666682E-011
  0.59375000000000000        6.6666666666666682E-011
  0.59499999999999997        6.6666666666666682E-011
  0.59625000000000006        6.6666666666666682E-011
  0.59750000000000003        6.6666666666666682E-011
  0.59875000000000000        6.6666666666666682E-011
  0.59999999999999998        6.6666666666666682E-011
  0.60125000000000006        6.6666666666666682E-011
  0.60250000000000004        6.6666666666666682E-011
  0.60375000000000001        6.6666666666666682E-011
  0.60499999999999998        6.6666666666666682E-011
  0.60625000000000007        6.6666666666666682E-011
  0.60750000000000004        6.6666666666666682E-011
  0.60875000000000001        6.6666666666666682E-011
  0.60999999999999999        6.6666666666666682E-011
  0.61124999999999996        6.6666666666666682E-011
  0.61250000000000004        6.6666666666666682E-011
  0.61375000000000002        6.6666666666666682E-011
  0.61499999999999999        6.6666666666666682E-011
  0.61624999999999996        6.6666666666666682E-011
  0.61750000000000005        6.6666666666666682E-011
  0.61875000000000002        6.6666666666666682E-011
  0.62000000000000000        6.6666666666666682E-011
  0.62124999999999997        6.6666666666666682E-011
  0.62250000000000005        6.6666666666666682E-011
  0.62375000000000003        6.6666666666666682E-011
  0.62500000000000000        6.6666666666666682E-011
  0.62624999999999997        6.6666666666666682E-011
  0.62750000000000006        6.6666666666666682E-011
  0.62875000000000003        6.6666666666666682E-011
  0.63000000000000000        6.6666666666666682E-011
  0.63124999999999998        6.6666666666666682E-011
  0.63250000000000006        6.6666666666666682E-011
  0.63375000000000004        6.6666666666666682E-011
  0.63500000000000001        6.6666666666666682E-011
  0.63624999999999998        6.6666666666666682E-011
  0.63750000000000007        6.6666666666666682E-011
  0.63875000000000004        6.6666666666666682E-011
  0.64000000000000001        6.6666666666666682E-011
  0.64124999999999999        6.6666666666666682E-011
  0.64249999999999996        6.6666666666666682E-011
  0.64375000000000004        6.6666666666666682E-011
  0.64500000000000002        6.6666666666666682E-011
  0.64624999999999999        6.6666666666666682E-011
  0.64749999999999996        6.6666666666666682E-011
  0.64875000000000005        6.6666666666666682E-011
  0.65000000000000002        6.6666666666666682E-011
  0.65125000000000000        6.6666666666666682E-011
  0.65249999999999997        6.6666666666666682E-011
  0.65375000000000005        6.6666666666666682E-011
  0.65500000000000003        6.6666666666666682E-011
  0.65625000000000000        6.6666666666666682E-011
  0.65749999999999997        6.6666666666666682E-011
  0.65875000000000006        6.6666666666666682E-011
  0.66000000000000003        6.6666666666666682E-011
  0.66125000000000000        6.6666666666666682E-011
  0.66249999999999998        6.6666666666666682E-011
  0.66375000000000006        6.6666666666666682E-011
  0.66500000000000004        6.6666666666666682E-011
  0.66625000000000001        6.6666666666666682E-011
  0.66749999999999998        6.6666666666666682E-011
  0.66875000000000007        6.6666666666666682E-011
  0.67000000000000004        6.6666666666666682E-011
  0.67125000000000001        6.6666666666666682E-011
  0.67249999999999999        6.6666666666666682E-011
  0.67374999999999996        6.6666666666666682E-011
  0.67500000000000004        6.6666666666666682E-011
  0.67625000000000002        6.6666666666666682E-011
  0.67749999999999999        6.6666666666666682E-011
  0.67874999999999996        6.6666666666666682E-011
  0.68000000000000005        6.6666666666666682E-011
  0.68125000000000002        6.6666666666666682E-011
  0.68250000000000000        6.6666666666666682E-011
  0.68374999999999997        6.6666666666666682E-011
  0.68500000000000005        6.6666666666666682E-011
  0.68625000000000003        6.6666666666666682E-011
  0.68750000000000000        6.6666666666666682E-011
  0.68874999999999997        6.6666666666666682E-011
  0.69000000000000006        6.6666666666666682E-011
  0.69125000000000003        6.6666666666666682E-011
  0.69250000000000000        6.6666666666666682E-011
  0.69374999999999998        6.6666666666666682E-011
  0.69500000000000006        6.6666666666666682E-011
  0.69625000000000004        6.6666666666666682E-011
  0.69750000000000001        6.6666666666666682E-011
  0.69874999999999998        6.6666666666666682E-011
  0.70000000000000007        6.6666666666666682E-011
  0.70125000000000004        6.6666666666666682E-011
  0.70250000000000001        6.6666666666666682E-011
  0.70374999999999999        6.6666666666666682E-011
  0.70499999999999996        6.6666666666666682E-011
  0.70625000000000004        6.6666666666666682E-011
  0.70750000000000002        6.6666666666666682E-011
  0.70874999999999999        6.6666666666666682E-011
  0.70999999999999996        6.6666666666666682E-011
  0.71125000000000005        6.6666666666666682E-011
  0.71250000000000002        6.6666666666666682E-011
  0.71375000000000000        6.6666666666666682E-011
  0.71499999999999997        6.6666666666666682E-011
  0.71625000000000005        6.6666666666666682E-011
  0.71750000000000003        6.6666666666666682E-011
  0.71875000000000000        6.6666666666666682E-011
  0.71999999999999997        6.6666666666666682E-011
  0.72125000000000006        6.6666666666666682E-011
  0.72250000000000003        6.6666666666666682E-011
  0.72375000000000000        6.6666666666666682E-011
  0.72499999999999998        6.6666666666666682E-011
  0.72625000000000006        6.6666666666666682E-011
  0.72750000000000004        6.6666666666666682E-011
  0.72875000000000001        6.6666666666666682E-011
  0.72999999999999998        6.6666666666666682E-011
  0.73125000000000007        6.6666666666666682E-011
  0.73250000000000004        6.6666666666666682E-011
  0.73375000000000001        6.6666666666666682E-011
  0.73499999999999999        6.6666666666666682E-011
  0.73624999999999996        6.6666666666666682E-011
  0.73750000000000004        6.6666666666666682E-011
  0.73875000000000002        6.6666666666666682E-011
  0.73999999999999999        6.6666666666666682E-011
  0.74124999999999996        6.6666666666666682E-011
  0.74250000000000005        6.6666666666666682E-011
  0.74375000000000002        6.6666666666666682E-011
  0.74500000000000000        6.6666666666666682E-011
  0.74624999999999997        6.6666666666666682E-011
  0.74750000000000005        6.6666666666666682E-011
  0.74875000000000003        6.6666666666666682E-011
  0.75000000000000000        6.6666666666666682E-011
  0.75124999999999997        6.6666666666666682E-011
  0.75250000000000006        6.6666666666666682E-011
  0.75375000000000003        6.6666666666666682E-011
  0.75500000000000000        6.6666666666666682E-011
  0.75624999999999998        6.6666666666666682E-011
  0.75750000000000006        6.6666666666666682E-011
  0.75875000000000004        6.6666666666666682E-011
  0.76000000000000001        6.6666666666666682E-011
  0.76124999999999998        6.6666666666666682E-011
  0.76250000000000007        6.6666666666666682E-011
  0.76375000000000004        6.6666666666666682E-011
  0.76500000000000001        6.6666666666666682E-011
  0.76624999999999999        6.6666666666666682E-011
  0.76750000000000007        6.6666666666666682E-011
  0.76875000000000004        6.6666666666666682E-011
  0.77000000000000002        6.6666666666666682E-011
  0.77124999999999999        6.6666666666666682E-011
  0.77249999999999996        6.6666666666666682E-011
  0.77375000000000005        6.6666666666666682E-011
  0.77500000000000002        6.6666666666666682E-011
  0.77625000000000000        6.6666666666666682E-011
  0.77749999999999997        6.6666666666666682E-011
  0.77875000000000005        6.6666666666666682E-011
  0.78000000000000003        6.6666666666666682E-011
  0.78125000000000000        6.6666666666666682E-011
  0.78249999999999997        6.6666666666666682E-011
  0.78375000000000006        6.6666666666666682E-011
  0.78500000000000003        6.6666666666666682E-011
  0.78625000000000000        6.6666666666666682E-011
  0.78749999999999998        6.6666666666666682E-011
  0.78875000000000006        6.6666666666666682E-011
  0.79000000000000004        6.6666666666666682E-011
  0.79125000000000001        6.6666666666666682E-011
  0.79249999999999998        6.6666666666666682E-011
  0.79375000000000007        6.6666666666666682E-011
  0.79500000000000004        6.6666666666666682E-011
  0.79625000000000001        6.6666666666666682E-011
  0.79749999999999999        6.6666666666666682E-011
  0.79875000000000007        6.6666666666666682E-011
  0.80000000000000004        6.6666666666666682E-011
  0.80125000000000002        6.6666666666666682E-011
  0.80249999999999999        6.6666666666666682E-011
  0.80374999999999996        6.6666666666666682E-011
  0.80500000000000005        6.6666666666666682E-011
  0.80625000000000002        6.6666666666666682E-011
  0.80750000000000000        6.6666666666666682E-011
  0.80874999999999997        6.6666666666666682E-011
  0.81000000000000005        6.6666666666666682E-011
  0.81125000000000003        6.6666666666666682E-011
  0.81250000000000000        6.6666666666666682E-011
  0.81374999999999997        6.6666666666666682E-011
  0.81500000000000006        6.6666666666666682E-011
  0.81625000000000003        6.6666666666666682E-011
  0.81750000000000000        6.6666666666666682E-011
  0.81874999999999998        6.6666666666666682E-011
  0.82000000000000006        6.6666666666666682E-011
  0.82125000000000004        6.6666666666666682E-011
  0.82250000000000001        6.6666666666666682E-011
  0.82374999999999998        6.6666666666666682E-011
  0.82500000000000007        6.6666666666666682E-011
  0.82625000000000004        6.6666666666666682E-011
  0.82750000000000001        6.6666666666666682E-011
  0.82874999999999999        6.6666666666666682E-011
  0.83000000000000007        6.6666666666666682E-011
  0.83125000000000004        6.6666666666666682E-011
  0.83250000000000002        6.6666666666666682E-011
  0.83374999999999999        6.6666666666666682E-011
  0.83499999999999996        6.6666666666666682E-011
  0.83625000000000005        6.6666666666666682E-011
  0.83750000000000002        6.6666666666666682E-011
  0.83875000000000000        6.6666666666666682E-011
  0.83999999999999997        6.6666666666666682E-011
  0.84125000000000005        6.6666666666666682E-011
  0.84250000000000003        6.6666666666666682E-011
  0.84375000000000000        6.6666666666666682E-011
  0.84499999999999997        6.6666666666666682E-011
  0.84625000000000006        6.6666666666666682E-011
  0.84750000000000003        6.6666666666666682E-011
  0.84875000000000000        6.6666666666666682E-011
  0.84999999999999998        6.6666666666666682E-011
  0.85125000000000006        6.6666666666666682E-011
  0.85250000000000004        6.6666666666666682E-011
  0.85375000000000001        6.6666666666666682E-011
  0.85499999999999998        6.6666666666666682E-011
  0.85625000000000007        6.6666666666666682E-011
  0.85750000000000004        6.6666666666666682E-011
  0.85875000000000001        6.6666666666666682E-011
  0.85999999999999999        6.6666666666666682E-011
  0.86125000000000007        6.6666666666666682E-011
  0.86250000000000004        6.6666666666666682E-011
  0.86375000000000002        6.6666666666666682E-011
  0.86499999999999999        6.6666666666666682E-011
  0.86624999999999996        6.6666666666666682E-011
  0.86750000000000005        6.6666666666666682E-011
  0.86875000000000002        6.6666666666666682E-011
  0.87000000000000000        6.6666666666666682E-011
  0.87124999999999997        6.6666666666666682E-011
  0.87250000000000005        6.6666666666666682E-011
  0.87375000000000003        6.6666666666666682E-011
  0.87500000000000000        6.6666666666666682E-011
  0.87624999999999997        6.6666666666666682E-011
  0.87750000000000006        6.6666666666666682E-011
  0.87875000000000003        6.6666666666666682E-011
  0.88000000000000000        6.6666666666666682E-011
  0.88124999999999998        6.6666666666666682E-011
  0.88250000000000006        6.6666666666666682E-011
  0.88375000000000004        6.6666666666666682E-011
  0.88500000000000001        6.6666666666666682E-011
  0.88624999999999998        6.6666666666666682E-011
  0.88750000000000007        6.6666666666666682E-011
  0.88875000000000004        6.6666666666666682E-011
  0.89000000000000001        6.6666666666666682E-011
  0.89124999999999999        6.6666666666666682E-011
  0.89250000000000007        6.6666666666666682E-011
  0.89375000000000004        6.6666666666666682E-011
  0.89500000000000002        6.6666666666666682E-011
  0.89624999999999999        6.6666666666666682E-011
  0.89749999999999996        6.6666666666666682E-011
  0.89875000000000005        6.6666666666666682E-011
  0.90000000000000002        6.6666666666666682E-011
  0.90125000000000000        6.6666666666666682E-011
  0.90249999999999997        6.6666666666666682E-011
  0.90375000000000005        6.6666666666666682E-011
  0.90500000000000003        6.6666666666666682E-011
  0.90625000000000000        6.6666666666666682E-011
  0.90749999999999997        6.6666666666666682E-011
  0.90875000000000006        6.6666666666666682E-011
  0.91000000000000003        6.6666666666666682E-011
  0.91125000000000000        6.6666666666666682E-011
  0.91249999999999998        6.6666666666666682E-011
  0.91375000000000006        6.6666666666666682E-011
  0.91500000000000004        6.6666666666666682E-011
  0.91625000000000001        6.6666666666666682E-011
  0.91749999999999998        6.6666666666666682E-011
  0.91875000000000007        6.6666666666666682E-011
  0.92000000000000004        6.6666666666666682E-011
  0.92125000000000001        6.6666666666666682E-011
  0.92249999999999999        6.6666666666666682E-011
  0.92375000000000007        6.6666666666666682E-011
  0.92500000000000004        6.6666666666666682E-011
  0.92625000000000002        6.6666666666666682E-011
  0.92749999999999999        6.6666666666666682E-011
  0.92874999999999996        6.6666666666666682E-011
  0.93000000000000005        6.6666666666666682E-011
  0.93125000000000002        6.6666666666666682E-011
  0.93250000000000000        6.6666666666666682E-011
  0.93374999999999997        6.6666666666666682E-011
  0.93500000000000005        6.6666666666666682E-011
  0.93625000000000003        6.6666666666666682E-011
  0.93750000000000000        6.6666666666666682E-011
  0.93874999999999997        6.6666666666666682E-011
  0.94000000000000006        6.6666666666666682E-011
  0.94125000000000003        6.6666666666666682E-011
  0.94250000000000000        6.6666666666666682E-011
  0.94374999999999998        6.6666666666666682E-011
  0.94500000000000006        6.6666666666666682E-011
  0.94625000000000004        6.6666666666666682E-011
  0.94750000000000001        6.6666666666666682E-011
  0.94874999999999998        6.6666666666666682E-011
  0.95000000000000007        6.6666666666666682E-011
  0.95125000000000004        6.6666666666666682E-011
  0.95250000000000001        6.6666666666666682E-011
  0.95374999999999999        6.6666666666666682E-011
  0.95500000000000007        6.6666666666666682E-011
  0.95625000000000004        6.6666666666666682E-011
  0.95750000000000002        6.6666666666666682E-011
  0.95874999999999999        6.6666666666666682E-011
  0.95999999999999996        6.6666666666666682E-011
  0.96125000000000005        6.6666666666666682E-011
  0.96250000000000002        6.6666666666666682E-011
  0.96375000000000000        6.6666666666666682E-011
  0.96499999999999997        6.6666666666666682E-011
  0.96625000000000005        6.6666666666666682E-011
  0.96750000000000003        6.6666666666666682E-011
  0.96875000000000000        6.6666666666666682E-011
  0.96999999999999997        6.6666666666666682E-011
  0.97125000000000006        6.6666666666666682E-011
  0.97250000000000003        6.6666666666666682E-011
  0.97375000000000000        6.6666666666666682E-011
  0.97499999999999998        6.6666666666666682E-011
  0.97625000000000006        6.6666666666666682E-011
  0.97750000000000004        6.6666666666666682E-011
  0.97875000000000001        6.6666666666666682E-011
  0.97999999999999998        6.6666666666666682E-011
  0.98125000000000007        6.6666666666666682E-011
  0.98250000000000004        6.6666666666666682E-011
  0.98375000000000001        6.6666666666666682E-011
  0.98499999999999999        6.6666666666666682E-011
  0.98625000000000007        6.6666666666666682E-011
  0.98750000000000004        6.6666666666666682E-011
  0.98875000000000002        6.6666666666666682E-011
  0.98999999999999999        6.6666666666666682E-011
  0.99125000000000008        6.6666666666666682E-011
  0.99250000000000005        6.6666666666666682E-011
  0.99375000000000002        6.6666666666666682E-011
  0.99500000000000000        6.6666666666666682E-011
  0.99624999999999997        6.6666666666666682E-011
  0.99750000000000005        6.6666666666666682E-011
  0.99875000000000003        6.6666666666666682E-011
   1.0000000000000000        6.6666666666666682E-011

 % markertype = 1
   0.0000000000000000        6.6666666666666680E-002
   1.2500000000000000E-003   6.6666666666666680E-002
   2.5000000000000001E-003   6.6666666666666680E-002
   3.7499999999999999E-003   6.6666666666666680E-002
   5.0000000000000001E-003   6.6666666666666680E-002
   6.2500000000000003E-003   6.6666666666666680E-002
   7.4999999999999997E-003   6.6666666666666680E-002
   8.7500000000000008E-003   6.6666666666666680E-002
   1.0000000000000000E-002   6.6666666666666680E-002
   1.1250000000000000E-002   6.6666666666666680E-002
   1.2500000000000001E-002   6.6666666666666680E-002
   1.3750000000000000E-002   6.6666666666666680E-002
   1.4999999999999999E-002   6.6666666666666680E-002
   1.6250000000000001E-002   6.6666666666666680E-002
   1.7500000000000002E-002   6.6666666666666680E-002
   1.8749999999999999E-002   6.6666666666666680E-002
   2.0000000000000000E-002   6.6666666666666680E-002
   2.1250000000000002E-002   6.6666666666666680E-002
   2.2499999999999999E-002   6.6666666666666680E-002
   2.3750000000000000E-002   6.6666666666666680E-002
   2.5000000000000001E-002   6.6666666666666680E-002
   2.6249999999999999E-002   6.6666666666666680E-002
   2.7500000000000000E-002   6.6666666666666680E-002
   2.8750000000000001E-002   6.6666666666666680E-002
   2.9999999999999999E-002   6.6666666666666680E-002
   3.1250000000000000E-002   6.6666666666666680E-002
   3.2500000000000001E-002   6.6666666666666680E-002
   3.3750000000000002E-002   6.6666666666666680E-002
   3.5000000000000003E-002   6.6666666666666680E-002
   3.6249999999999998E-002   6.6666666666666680E-002
   3.7499999999999999E-002   6.6666666666666680E-002
   3.8750000000000000E-002   6.6666666666666680E-002
   4.0000000000000001E-002   6.6666666666666680E-002
   4.1250000000000002E-002   6.6666666666666680E-002
   4.2500000000000003E-002   6.6666666666666680E-002
   4.3750000000000004E-002   6.6666666666666680E-002
   4.4999999999999998E-002   6.6666666666666680E-002
   4.6249999999999999E-002   6.6666666666666680E-002
   4.7500000000000001E-002   6.6666666666666680E-002
   4.8750000000000002E-002   6.6666666666666680E-002
   5.0000000000000003E-002   6.6666666666666680E-002
   5.1250000000000004E-002   6.6666666666666680E-002
   5.2499999999999998E-002   6.6666666666666680E-002
   5.3749999999999999E-002   6.6666666666666680E-002
   5.5000000000000000E-002   6.6666666666666680E-002
   5.6250000000000001E-002   6.6666666666666680E-002
   5.7500000000000002E-002   6.6666666666666680E-002
   5.8750000000000004E-002   6.6666666666666680E-002
   5.9999999999999998E-002   6.6666666666666680E-002
   6.1249999999999999E-002   6.6666666666666680E-002
   6.2500000000000000E-002   6.6666666666666680E-002
   6.3750000000000001E-002   6.6666666666666680E-002
   6.5000000000000002E-002   6.6666666666666680E-002
   6.6250000000000003E-002   6.6666666666666680E-002
   6.7500000000000004E-002   6.6666666666666680E-002
   6.8750000000000006E-002   6.6666666666666680E-002
   7.0000000000000007E-002   6.6666666666666680E-002
   7.1250000000000008E-002   6.6666666666666680E-002
   7.2499999999999995E-002   6.6666666666666680E-002
   7.3749999999999996E-002   6.6666666666666680E-002
   7.4999999999999997E-002   6.6666666666666680E-002
   7.6249999999999998E-002   6.6666666666666680E-002
   7.7499999999999999E-002   6.6666666666666680E-002
   7.8750000000000001E-002   6.6666666666666680E-002
   8.0000000000000002E-002   6.6666666666666680E-002
   8.1250000000000003E-002   6.6666666666666680E-002
   8.2500000000000004E-002   6.6666666666666680E-002
   8.3750000000000005E-002   6.6666666666666680E-002
   8.5000000000000006E-002   6.6666666666666680E-002
   8.6250000000000007E-002   6.6666666666666680E-002
   8.7500000000000008E-002   6.6666666666666680E-002
   8.8749999999999996E-002   6.6666666666666680E-002
   8.9999999999999997E-002   6.6666666666666680E-002
   9.1249999999999998E-002   6.6666666666666680E-002
   9.2499999999999999E-002   6.6666666666666680E-002
   9.3750000000000000E-002   6.6666666666666680E-002
   9.5000000000000001E-002   6.6666666666666680E-002
   9.6250000000000002E-002   6.6666666666666680E-002
   9.7500000000000003E-002   6.6666666666666680E-002
   9.8750000000000004E-002   6.6666666666666680E-002
  0.10000000000000001        6.6666666666666680E-002
  0.10125000000000001        6.6666666666666680E-002
  0.10250000000000001        6.6666666666666680E-002
  0.10375000000000001        6.6666666666666680E-002
  0.10500000000000000        6.6666666666666680E-002
  0.10625000000000000        6.6666666666666680E-002
  0.10750000000000000        6.6666666666666680E-002
  0.10875000000000000        6.6666666666666680E-002
  0.11000000000000000        6.6666666666666680E-002
  0.11125000000000000        6.6666666666666680E-002
  0.11250000000000000        6.6666666666666680E-002
  0.11375000000000000        6.6666666666666680E-002
  0.11500000000000000        6.6666666666666680E-002
  0.11625000000000001        6.6666666666666680E-002
  0.11750000000000001        6.6666666666666680E-002
  0.11875000000000001        6.6666666666666680E-002
  0.12000000000000000        6.6666666666666680E-002
  0.12125000000000000        6.6666666666666680E-002
  0.12250000000000000        6.6666666666666680E-002
  0.12375000000000000        6.6666666666666680E-002
  0.12500000000000000        6.6666666666666680E-002
  0.12625000000000000        6.6666666666666680E-002
  0.12750000000000000        6.6666666666666680E-002
  0.12875000000000000        6.6666666666666680E-002
  0.13000000000000000        6.6666666666666680E-002
  0.13125000000000001        6.6666666666666680E-002
  0.13250000000000001        6.6666666666666680E-002
  0.13375000000000001        6.6666666666666680E-002
  0.13500000000000001        6.6666666666666680E-002
  0.13625000000000001        6.6666666666666680E-002
  0.13750000000000001        6.6666666666666680E-002
  0.13875000000000001        6.6666666666666680E-002
  0.14000000000000001        6.6666666666666680E-002
  0.14125000000000001        6.6666666666666680E-002
  0.14250000000000002        6.6666666666666680E-002
  0.14375000000000002        6.6666666666666680E-002
  0.14499999999999999        6.6666666666666680E-002
  0.14624999999999999        6.6666666666666680E-002
  0.14749999999999999        6.6666666666666680E-002
  0.14874999999999999        6.6666666666666680E-002
  0.14999999999999999        6.6666666666666680E-002
  0.15125000000000000        6.6666666666666680E-002
  0.15250000000000000        6.6666666666666680E-002
  0.15375000000000000        6.6666666666666680E-002
  0.15500000000000000        6.6666666666666680E-002
  0.15625000000000000        6.6666666666666680E-002
  0.15750000000000000        6.6666666666666680E-002
  0.15875000000000000        6.6666666666666680E-002
  0.16000000000000000        6.6666666666666680E-002
  0.16125000000000000        6.6666666666666680E-002
  0.16250000000000001        6.6666666666666680E-002
  0.16375000000000001        6.6666666666666680E-002
  0.16500000000000001        6.6666666666666680E-002
  0.16625000000000001        6.6666666666666680E-002
  0.16750000000000001        6.6666666666666680E-002
  0.16875000000000001        6.6666666666666680E-002
  0.17000000000000001        6.6666666666666680E-002
  0.17125000000000001        6.6666666666666680E-002
  0.17250000000000001        6.6666666666666680E-002
  0.17375000000000002        6.6666666666666680E-002
  0.17500000000000002        6.6666666666666680E-002
  0.17624999999999999        6.6666666666666680E-002
  0.17749999999999999        6.6666666666666680E-002
  0.17874999999999999        6.6666666666666680E-002
  0.17999999999999999        6.6666666666666680E-002
  0.18124999999999999        6.6666666666666680E-002
  0.18250000000000000        6.6666666666666680E-002
  0.18375000000000000        6.6666666666666680E-002
  0.18500000000000000        6.6666666666666680E-002
  0.18625000000000000        6.6666666666666680E-002
  0.18750000000000000        6.6666666666666680E-002
  0.18875000000000000        6.6666666666666680E-002
  0.19000000000000000        6.6666666666666680E-002
  0.19125000000000000        6.6666666666666680E-002
  0.19250000000000000        6.6666666666666680E-002
  0.19375000000000001        6.6666666666666680E-002
  0.19500000000000001        6.6666666666666680E-002
  0.19625000000000001        6.6666666666666680E-002
  0.19750000000000001        6.6666666666666680E-002
  0.19875000000000001        6.6666666666666680E-002
  0.20000000000000001        6.6666666666666680E-002
  0.20125000000000001        6.6666666666666680E-002
  0.20250000000000001        6.6666666666666680E-002
  0.20375000000000001        6.6666666666666680E-002
  0.20500000000000002        6.6666666666666680E-002
  0.20625000000000002        6.6666666666666680E-002
  0.20750000000000002        6.6666666666666680E-002
  0.20874999999999999        6.6666666666666680E-002
  0.20999999999999999        6.6666666666666680E-002
  0.21124999999999999        6.6666666666666680E-002
  0.21249999999999999        6.6666666666666680E-002
  0.21375000000000000        6.6666666666666680E-002
  0.21500000000000000        6.6666666666666680E-002
  0.21625000000000000        6.6666666666666680E-002
  0.21750000000000000        6.6666666666666680E-002
  0.21875000000000000        6.6666666666666680E-002
  0.22000000000000000        6.6666666666666680E-002
  0.22125000000000000        6.6666666666666680E-002
  0.22250000000000000        6.6666666666666680E-002
  0.22375000000000000        6.6666666666666680E-002
  0.22500000000000001        6.6666666666666680E-002
  0.22625000000000001        6.6666666666666680E-002
  0.22750000000000001        6.6666666666666680E-002
  0.22875000000000001        6.6666666666666680E-002
  0.23000000000000001        6.6666666666666680E-002
  0.23125000000000001        6.6666666666666680E-002
  0.23250000000000001        6.6666666666666680E-002
  0.23375000000000001        6.6666666666666680E-002
  0.23500000000000001        6.6666666666666680E-002
  0.23625000000000002        6.6666666666666680E-002
  0.23750000000000002        6.6666666666666680E-002
  0.23875000000000002        6.6666666666666680E-002
  0.23999999999999999        6.6666666666666680E-002
  0.24124999999999999        6.6666666666666680E-002
  0.24249999999999999        6.6666666666666680E-002
  0.24374999999999999        6.6666666666666680E-002
  0.24500000000000000        6.6666666666666680E-002
  0.24625000000000000        6.6666666666666680E-002
  0.24750000000000000        6.6666666666666680E-002
  0.24875000000000000        6.6666666666666680E-002
  0.25000000000000000        6.6666666666666680E-002
  0.25125000000000003        6.6666666666666680E-002
  0.25250000000000000        6.6666666666666680E-002
  0.25375000000000003        6.6666666666666680E-002
  0.25500000000000000        6.6666666666666680E-002
  0.25624999999999998        6.6666666666666680E-002
  0.25750000000000001        6.6666666666666680E-002
  0.25874999999999998        6.6666666666666680E-002
  0.26000000000000001        6.6666666666666680E-002
  0.26124999999999998        6.6666666666666680E-002
  0.26250000000000001        6.6666666666666680E-002
  0.26374999999999998        6.6666666666666680E-002
  0.26500000000000001        6.6666666666666680E-002
  0.26624999999999999        6.6666666666666680E-002
  0.26750000000000002        6.6666666666666680E-002
  0.26874999999999999        6.6666666666666680E-002
  0.27000000000000002        6.6666666666666680E-002
  0.27124999999999999        6.6666666666666680E-002
  0.27250000000000002        6.6666666666666680E-002
  0.27374999999999999        6.6666666666666680E-002
  0.27500000000000002        6.6666666666666680E-002
  0.27625000000000000        6.6666666666666680E-002
  0.27750000000000002        6.6666666666666680E-002
  0.27875000000000000        6.6311141861152847E-002
  0.28000000000000003        6.5845658627480874E-002
  0.28125000000000000        6.5382793107506346E-002
  0.28250000000000003        6.4922534244849298E-002
  0.28375000000000000        6.4464871014306271E-002
  0.28500000000000003        6.4009792421805947E-002
  0.28625000000000000        6.3557287504365484E-002
  0.28750000000000003        6.3107345330046027E-002
  0.28875000000000001        6.2659954997909162E-002
  0.28999999999999998        6.2215105637972751E-002
  0.29125000000000001        6.1772786411166680E-002
  0.29249999999999998        6.1332986509289138E-002
  0.29375000000000001        6.0895695154962570E-002
  0.29499999999999998        6.0460901601589505E-002
  0.29625000000000001        6.0028595133308521E-002
  0.29749999999999999        5.9598765064950529E-002
  0.29875000000000002        5.9171400741994395E-002
  0.29999999999999999        5.8746491540523228E-002
  0.30125000000000002        5.8324026867180037E-002
  0.30249999999999999        5.7903996159123977E-002
  0.30375000000000002        5.7486388883986328E-002
  0.30499999999999999        5.7071194539826321E-002
  0.30625000000000002        5.6658402655087106E-002
  0.30750000000000000        5.6248002788552035E-002
  0.30875000000000002        5.5839984529300231E-002
  0.31000000000000000        5.5434337496663003E-002
  0.31125000000000003        5.5031051340179368E-002
  0.31250000000000000        5.4630115739552385E-002
  0.31375000000000003        5.4231520404605063E-002
  0.31500000000000000        5.3835255075236267E-002
  0.31625000000000003        5.3441309521376629E-002
  0.31750000000000000        5.3049673542944834E-002
  0.31875000000000003        5.2660336969803254E-002
  0.32000000000000001        5.2273289661714240E-002
  0.32124999999999998        5.1888521508295753E-002
  0.32250000000000001        5.1506022428977664E-002
  0.32374999999999998        5.1125782372957659E-002
  0.32500000000000001        5.0747791319157132E-002
  0.32624999999999998        5.0372039276177109E-002
  0.32750000000000001        4.9998516282254539E-002
  0.32874999999999999        4.9627212405217926E-002
  0.33000000000000002        4.9258117742443583E-002
  0.33124999999999999        4.8891222420811419E-002
  0.33250000000000002        4.8526516596660935E-002
  0.33374999999999999        4.8163990455747423E-002
  0.33500000000000002        4.7803634213197672E-002
  0.33624999999999999        4.7445438113466222E-002
  0.33750000000000002        4.7089392430290998E-002
  0.33875000000000000        4.6735487466649628E-002
  0.34000000000000002        4.6383713554715308E-002
  0.34125000000000000        4.6034061055812731E-002
  0.34250000000000003        4.5686520360374037E-002
  0.34375000000000000        4.5341081887895034E-002
  0.34500000000000003        4.4997736086890859E-002
  0.34625000000000000        4.4656473434852281E-002
  0.34750000000000003        4.4317284438201335E-002
  0.34875000000000000        4.3980159632247585E-002
  0.35000000000000003        4.3645089581144082E-002
  0.35125000000000001        4.3312064877843191E-002
  0.35249999999999998        4.2981076144052617E-002
  0.35375000000000001        4.2652114030191556E-002
  0.35499999999999998        4.2325169215346514E-002
  0.35625000000000001        4.2000232407227230E-002
  0.35749999999999998        4.1677294342122917E-002
  0.35875000000000001        4.1356345784857952E-002
  0.35999999999999999        4.1037377528748156E-002
  0.36125000000000002        4.0720380395556435E-002
  0.36249999999999999        4.0405345235449017E-002
  0.36375000000000002        4.0092262926951436E-002
  0.36499999999999999        3.9781124376904370E-002
  0.36625000000000002        3.9471920520419618E-002
  0.36749999999999999        3.9164642320836350E-002
  0.36875000000000002        3.8859280769676721E-002
  0.37000000000000000        3.8555826886602196E-002
  0.37125000000000002        3.8254271719369203E-002
  0.37250000000000000        3.7954606343785370E-002
  0.37375000000000003        3.7656821863665473E-002
  0.37500000000000000        3.7360909410787305E-002
  0.37625000000000003        3.7066860144847655E-002
  0.37750000000000000        3.6774665253418506E-002
  0.37875000000000003        3.6484315951902754E-002
  0.38000000000000000        3.6195803483490413E-002
  0.38125000000000003        3.5909119119114367E-002
  0.38250000000000001        3.5624254157406540E-002
  0.38375000000000004        3.5341199924653857E-002
  0.38500000000000001        3.5059947774754151E-002
  0.38624999999999998        3.4780489089172119E-002
  0.38750000000000001        3.4502815276895492E-002
  0.38874999999999998        3.4226917774390790E-002
  0.39000000000000001        3.3952788045559491E-002
  0.39124999999999999        3.3680417581693906E-002
  0.39250000000000002        3.3409797901433093E-002
  0.39374999999999999        3.3140920550719107E-002
  0.39500000000000002        3.2873777102752667E-002
  0.39624999999999999        3.2608359157949414E-002
  0.39750000000000002        3.2344658343895626E-002
  0.39874999999999999        3.2082666315304403E-002
  0.40000000000000002        3.1822374753971636E-002
  0.40125000000000000        3.1563775368731888E-002
  0.40250000000000002        3.1306859895414367E-002
  0.40375000000000000        3.1051620096799116E-002
  0.40500000000000003        3.0798047762572729E-002
  0.40625000000000000        3.0546134709284550E-002
  0.40750000000000003        3.0295872780302470E-002
  0.40875000000000000        3.0047253845769041E-002
  0.41000000000000003        2.9800269802557466E-002
  0.41125000000000000        2.9554912574227498E-002
  0.41250000000000003        2.9311174110981403E-002
  0.41375000000000001        2.9069046389620122E-002
  0.41500000000000004        2.8828521413499033E-002
  0.41625000000000001        2.8589591212484129E-002
  0.41749999999999998        2.8352247842907803E-002
  0.41875000000000001        2.8116483387524975E-002
  0.41999999999999998        2.7882289955469115E-002
  0.42125000000000001        2.7649659682208005E-002
  0.42249999999999999        2.7418584729499953E-002
  0.42375000000000002        2.7189057285349691E-002
  0.42499999999999999        2.6961069563964338E-002
  0.42625000000000002        2.6734613805709333E-002
  0.42749999999999999        2.6509682277064604E-002
  0.42875000000000002        2.6286267270580328E-002
  0.42999999999999999        2.6064361104833112E-002
  0.43125000000000002        2.5843956124381774E-002
  0.43250000000000000        2.5625044699723484E-002
  0.43375000000000002        2.5407619227249736E-002
  0.43500000000000000        2.5191672129202244E-002
  0.43625000000000003        2.4977195853628942E-002
  0.43750000000000000        2.4764182874340082E-002
  0.43875000000000003        2.4552625690864048E-002
  0.44000000000000000        2.4342516828403514E-002
  0.44125000000000003        2.4133848837791232E-002
  0.44250000000000000        2.3926614295446173E-002
  0.44375000000000003        2.3720805803329491E-002
  0.44500000000000001        2.3516415988900398E-002
  0.44625000000000004        2.3313437505072303E-002
  0.44750000000000001        2.3111863030168628E-002
  0.44874999999999998        2.2911685267878904E-002
  0.45000000000000001        2.2712896947214775E-002
  0.45124999999999998        2.2515490822465893E-002
  0.45250000000000001        2.2319459673155895E-002
  0.45374999999999999        2.2124796303998523E-002
  0.45500000000000002        2.1931493544853426E-002
  0.45624999999999999        2.1739544250682339E-002
  0.45750000000000002        2.1548941301504837E-002
  0.45874999999999999        2.1359677602354500E-002
  0.46000000000000002        2.1171746083234862E-002
  0.46124999999999999        2.0985139699075346E-002
  0.46250000000000002        2.0799851429687214E-002
  0.46375000000000000        2.0615874279719705E-002
  0.46500000000000002        2.0433201278615830E-002
  0.46625000000000000        2.0251825480568537E-002
  0.46750000000000003        2.0071739964476497E-002
  0.46875000000000000        1.9892937833900240E-002
  0.47000000000000003        1.9715412217018117E-002
  0.47125000000000000        1.9539156266582227E-002
  0.47250000000000003        1.9364163159874385E-002
  0.47375000000000000        1.9190426098662231E-002
  0.47500000000000003        1.9017938309155061E-002
  0.47625000000000001        1.8846693041959951E-002
  0.47750000000000004        1.8676683572037580E-002
  0.47875000000000001        1.8507903198658349E-002
  0.47999999999999998        1.8340345245358349E-002
  0.48125000000000001        1.8174003059895243E-002
  0.48249999999999998        1.8008870014204339E-002
  0.48375000000000001        1.7844939504354600E-002
  0.48499999999999999        1.7682204950504529E-002
  0.48625000000000002        1.7520659796858181E-002
  0.48749999999999999        1.7360297511621232E-002
  0.48875000000000002        1.7201111586956849E-002
  0.48999999999999999        1.7043095538941760E-002
  0.49125000000000002        1.6886242907522147E-002
  0.49249999999999999        1.6730547256469691E-002
  0.49375000000000002        1.6576002173337601E-002
  0.49500000000000000        1.6422601269416488E-002
  0.49625000000000002        1.6270338179690376E-002
  0.49750000000000000        1.6119206562792778E-002
  0.49875000000000003        1.5969200100962554E-002
  0.50000000000000000        1.5820312499999992E-002
  0.50124999999999997        1.5672537489222729E-002
  0.50250000000000006        1.5525868821421724E-002
  0.50375000000000003        1.5380300272817332E-002
  0.50500000000000000        1.5235825643015188E-002
  0.50624999999999998        1.5092438754962247E-002
  0.50750000000000006        1.4950133454902691E-002
  0.50875000000000004        1.4808903612334088E-002
  0.51000000000000001        1.4668743119963140E-002
  0.51124999999999998        1.4529645893661840E-002
  0.51249999999999996        1.4391605872423389E-002
  0.51375000000000004        1.4254617018318171E-002
  0.51500000000000001        1.4118673316449792E-002
  0.51624999999999999        1.3983768774910997E-002
  0.51749999999999996        1.3849897424739655E-002
  0.51875000000000004        1.3717053319874824E-002
  0.52000000000000002        1.3585230537112643E-002
  0.52124999999999999        1.3454423176062347E-002
  0.52249999999999996        1.3324625359102265E-002
  0.52375000000000005        1.3195831231335773E-002
  0.52500000000000002        1.3068034960547332E-002
  0.52625000000000000        1.2941230737158405E-002
  0.52749999999999997        1.2815412774183443E-002
  0.52875000000000005        1.2690575307185953E-002
  0.53000000000000003        1.2566712594234372E-002
  0.53125000000000000        1.2443818915858150E-002
  0.53249999999999997        1.2321888575003622E-002
  0.53375000000000006        1.2200915896990084E-002
  0.53500000000000003        1.2080895229465762E-002
  0.53625000000000000        1.1961820942363756E-002
  0.53749999999999998        1.1843687427858018E-002
  0.53875000000000006        1.1726489100319419E-002
  0.54000000000000004        1.1610220396271624E-002
  0.54125000000000001        1.1494875774347163E-002
  0.54249999999999998        1.1380449715243364E-002
  0.54375000000000007        1.1266936721678307E-002
  0.54500000000000004        1.1154331318346922E-002
  0.54625000000000001        1.1042628051876849E-002
  0.54749999999999999        1.0931821490784480E-002
  0.54874999999999996        1.0821906225430940E-002
  0.55000000000000004        1.0712876867978050E-002
  0.55125000000000002        1.0604728052344347E-002
  0.55249999999999999        1.0497454434161026E-002
  0.55374999999999996        1.0391050690727929E-002
  0.55500000000000005        1.0285511520969548E-002
  0.55625000000000002        1.0180831645391020E-002
  0.55750000000000000        1.0077005806034064E-002
  0.55874999999999997        9.9740287664329963E-003
  0.56000000000000005        9.8718953115707001E-003
  0.56125000000000003        9.7706002478346356E-003
  0.56250000000000000        9.6701384029727923E-003
  0.56374999999999997        9.5705046260496588E-003
  0.56500000000000006        9.4716937874022526E-003
  0.56625000000000003        9.3737007785960891E-003
  0.56750000000000000        9.2765205123811374E-003
  0.56874999999999998        9.1801479226478206E-003
  0.57000000000000006        9.0845779643830057E-003
  0.57125000000000004        8.9898056136259903E-003
  0.57250000000000001        8.8958258674244652E-003
  0.57374999999999998        8.8026337437904882E-003
  0.57500000000000007        8.7102242816565305E-003
  0.57625000000000004        8.6185925408313862E-003
  0.57750000000000001        8.5277336019561906E-003
  0.57874999999999999        8.4376425664604016E-003
  0.57999999999999996        8.3483145565177840E-003
  0.58125000000000004        8.2597447150023588E-003
  0.58250000000000002        8.1719282054444758E-003
  0.58374999999999999        8.0848602119866653E-003
  0.58499999999999996        7.9985359393397563E-003
  0.58625000000000005        7.9129506127387349E-003
  0.58750000000000002        7.8280994778988401E-003
  0.58875000000000000        7.7439778009714653E-003
  0.58999999999999997        7.6605808685001782E-003
  0.59125000000000005        7.5779039873766895E-003
  0.59250000000000003        7.4959424847968687E-003
  0.59375000000000000        7.4146917082166574E-003
  0.59499999999999997        7.3341470253081376E-003
  0.59625000000000006        7.2543038239154464E-003
  0.59750000000000003        7.1751575120108145E-003
  0.59875000000000000        7.0967035176504826E-003
  0.59999999999999998        7.0189372889307503E-003
  0.60125000000000006        6.9418542939439160E-003
  0.60250000000000004        6.8654500207343044E-003
  0.60375000000000001        6.7897199772541730E-003
  0.60499999999999998        6.7146596913197883E-003
  0.60625000000000007        6.6402647105673323E-003
  0.60750000000000004        6.5665306024089484E-003
  0.60875000000000001        6.4934529539886540E-003
  0.60999999999999999        6.4210273721383862E-003
  0.61124999999999996        6.3492494833339531E-003
  0.61250000000000004        6.2781149336510380E-003
  0.61375000000000002        6.2076193887211535E-003
  0.61499999999999999        6.1377585336876445E-003
  0.61624999999999996        6.0685280731616704E-003
  0.61750000000000005        5.9999237311781761E-003
  0.61875000000000002        5.9319412511519062E-003
  0.62000000000000000        5.8645763958333329E-003
  0.62124999999999997        5.7978249472646895E-003
  0.62250000000000005        5.7316827067359459E-003
  0.62375000000000003        5.6661454947407623E-003
  0.62500000000000000        5.6012091509325011E-003
  0.62624999999999997        5.5368695340801983E-003
  0.62750000000000006        5.4731225220245438E-003
  0.62875000000000003        5.4099640116338846E-003
  0.63000000000000000        5.3473899187601809E-003
  0.63124999999999998        5.2853961781949860E-003
  0.63250000000000006        5.2239787436254778E-003
  0.63375000000000004        5.1631335875903786E-003
  0.63500000000000001        5.1028567014359937E-003
  0.63624999999999998        5.0431440952721411E-003
  0.63750000000000007        4.9839917979281742E-003
  0.63875000000000004        4.9253958569089630E-003
  0.64000000000000001        4.8673523383508579E-003
  0.64124999999999999        4.8098573269776670E-003
  0.64249999999999996        4.7529069260566848E-003
  0.64375000000000004        4.6964972573546064E-003
  0.64500000000000002        4.6406244610935950E-003
  0.64624999999999999        4.5852846959071759E-003
  0.64749999999999996        4.5304741387962831E-003
  0.64875000000000005        4.4761889850852121E-003
  0.65000000000000002        4.4224254483776248E-003
  0.65125000000000000        4.3691797605125114E-003
  0.65249999999999997        4.3164481715201840E-003
  0.65375000000000005        4.2642269495782419E-003
  0.65500000000000003        4.2125123809676071E-003
  0.65625000000000000        4.1613007700284357E-003
  0.65749999999999997        4.1105884391161506E-003
  0.65875000000000006        4.0603717285574055E-003
  0.66000000000000003        4.0106469966060829E-003
  0.66125000000000000        3.9614106193992535E-003
  0.66249999999999998        3.9126589909131843E-003
  0.66375000000000006        3.8643885229192854E-003
  0.66500000000000004        3.8165956449401593E-003
  0.66625000000000001        3.7692768042055032E-003
  0.66749999999999998        3.7224284656081482E-003
  0.66875000000000007        3.6760471116600206E-003
  0.67000000000000004        3.6301292424481386E-003
  0.67125000000000001        3.5846713755905784E-003
  0.67249999999999999        3.5396700461924591E-003
  0.67374999999999996        3.4951218068019429E-003
  0.67500000000000004        3.4510232273661980E-003
  0.67625000000000002        3.4073708951874032E-003
  0.67749999999999999        3.3641614148787078E-003
  0.67874999999999996        3.3213914083202304E-003
  0.68000000000000005        3.2790575146150222E-003
  0.68125000000000002        3.2371563900450966E-003
  0.68250000000000000        3.1956847080273449E-003
  0.68374999999999997        3.1546391590695833E-003
  0.68500000000000005        3.1140164507264837E-003
  0.68625000000000003        3.0738133075556002E-003
  0.68750000000000000        3.0340264710733227E-003
  0.68874999999999997        2.9946526997108734E-003
  0.69000000000000006        2.9556887687702733E-003
  0.69125000000000003        2.9171314703803674E-003
  0.69250000000000000        2.8789776134527448E-003
  0.69374999999999998        2.8412240236377843E-003
  0.69500000000000006        2.8038675432805831E-003
  0.69625000000000004        2.7669050313769883E-003
  0.69750000000000001        2.7303333635295426E-003
  0.69874999999999998        2.6941494319034872E-003
  0.70000000000000007        2.6583501451827364E-003
  0.70125000000000004        2.6229324285258742E-003
  0.70250000000000001        2.5878932235221070E-003
  0.70374999999999999        2.5532294881472884E-003
  0.70499999999999996        2.5189381967198696E-003
  0.70625000000000004        2.4850163398568875E-003
  0.70750000000000002        2.4514609244299678E-003
  0.70874999999999999        2.4182689735212856E-003
  0.70999999999999996        2.3854375263795565E-003
  0.71125000000000005        2.3529636383760226E-003
  0.71250000000000002        2.3208443809604284E-003
  0.71375000000000000        2.2890768416170184E-003
  0.71499999999999997        2.2576581238205012E-003
  0.71625000000000005        2.2265853469920381E-003
  0.71750000000000003        2.1958556464552422E-003
  0.71875000000000000        2.1654661733921396E-003
  0.71999999999999997        2.1354140947991637E-003
  0.72125000000000006        2.1056965934431338E-003
  0.72250000000000003        2.0763108678172487E-003
  0.72375000000000000        2.0472541320970560E-003
  0.72499999999999998        2.0185236160964351E-003
  0.72625000000000006        1.9901165652235955E-003
  0.72750000000000004        1.9620302404370475E-003
  0.72875000000000001        1.9342619182015888E-003
  0.72999999999999998        1.9068088904442826E-003
  0.73125000000000007        1.8796684645104472E-003
  0.73250000000000004        1.8528379631196415E-003
  0.73375000000000001        1.8263147243216360E-003
  0.73499999999999999        1.8000961014524113E-003
  0.73624999999999996        1.7741794630901238E-003
  0.73750000000000004        1.7485621930110999E-003
  0.73875000000000002        1.7232416901458278E-003
  0.73999999999999999        1.6982153685349173E-003
  0.74124999999999996        1.6734806572851007E-003
  0.74250000000000005        1.6490350005252110E-003
  0.74375000000000002        1.6248758573621644E-003
  0.74500000000000000        1.6010007018369447E-003
  0.74624999999999997        1.5774070228805838E-003
  0.74750000000000005        1.5540923242701402E-003
  0.74875000000000003        1.5310541245847028E-003
  0.75000000000000000        1.5082899571613460E-003
  0.75124999999999997        1.4857973700511311E-003
  0.75250000000000006        1.4635739259750847E-003
  0.75375000000000003        1.4416172022801812E-003
  0.75500000000000000        1.4199247908953266E-003
  0.75624999999999998        1.3984942982873394E-003
  0.75750000000000006        1.3773233454169307E-003
  0.75875000000000004        1.3564095676947047E-003
  0.76000000000000001        1.3357506149371163E-003
  0.76124999999999998        1.3153441513224723E-003
  0.76250000000000007        1.2951878553469085E-003
  0.76375000000000004        1.2752794197803733E-003
  0.76500000000000001        1.2556165516226109E-003
  0.76624999999999999        1.2361969720591417E-003
  0.76750000000000007        1.2170184164172484E-003
  0.76875000000000004        1.1980786341219641E-003
  0.77000000000000002        1.1793753886520403E-003
  0.77124999999999999        1.1609064574959450E-003
  0.77249999999999996        1.1426696321078413E-003
  0.77375000000000005        1.1246627178635631E-003
  0.77500000000000002        1.1068835340166138E-003
  0.77625000000000000        1.0893299136541309E-003
  0.77749999999999997        1.0719997036528815E-003
  0.77875000000000005        1.0548907646352446E-003
  0.78000000000000003        1.0380009709251865E-003
  0.78125000000000000        1.0213282105042516E-003
  0.78249999999999997        1.0048703849675448E-003
  0.78375000000000006        9.8862540947970354E-004
  0.78500000000000003        9.7259121273090556E-004
  0.78625000000000000        9.5676573689282122E-004
  0.78749999999999998        9.4114693757461779E-004
  0.78875000000000006        9.2573278377893744E-004
  0.79000000000000004        9.1052125785787597E-004
  0.79125000000000001        8.9551035546897031E-004
  0.79249999999999998        8.8069808553118236E-004
  0.79375000000000007        8.6608247018087384E-004
  0.79500000000000004        8.5166154472780537E-004
  0.79625000000000001        8.3743335761110246E-004
  0.79749999999999999        8.2339597035524493E-004
  0.79875000000000007        8.0954745752605587E-004
  0.80000000000000004        7.9588590668667569E-004
  0.80125000000000002        7.8240941835355023E-004
  0.80249999999999999        7.6911610595241484E-004
  0.80374999999999996        7.5600409577427209E-004
  0.80500000000000005        7.4307152693137775E-004
  0.80625000000000002        7.3031655131323124E-004
  0.80750000000000000        7.1773733354254187E-004
  0.80874999999999997        7.0533205093122866E-004
  0.81000000000000005        6.9309889343639232E-004
  0.81125000000000003        6.8103606361630427E-004
  0.81250000000000000        6.6914177658638900E-004
  0.81374999999999997        6.5741425997520309E-004
  0.81500000000000006        6.4585175388042133E-004
  0.81625000000000003        6.3445251082482426E-004
  0.81750000000000000        6.2321479571227295E-004
  0.81874999999999998        6.1213688578369444E-004
  0.82000000000000006        6.0121707057306749E-004
  0.82125000000000004        5.9045365186340441E-004
  0.82250000000000001        5.7984494364273496E-004
  0.82374999999999998        5.6938927206008627E-004
  0.82500000000000007        5.5908497538146771E-004
  0.82625000000000004        5.4893040394585809E-004
  0.82750000000000001        5.3892392012118244E-004
  0.82874999999999999        5.2906389826029641E-004
  0.83000000000000007        5.1934872465697070E-004
  0.83125000000000004        5.1557792765104021E-004
  0.83250000000000002        5.1557792765104021E-004
  0.83374999999999999        5.1557792765104021E-004
  0.83499999999999996        5.1557792765104021E-004
  0.83625000000000005        5.1557792765104021E-004
  0.83750000000000002        5.1557792765104021E-004
  0.83875000000000000        5.1557792765104021E-004
  0.83999999999999997        5.1557792765104021E-004
  0.84125000000000005        5.1557792765104021E-004
  0.84250000000000003        5.1557792765104021E-004
  0.84375000000000000        5.1557792765104021E-004
  0.84499999999999997        5.1557792765104021E-004
  0.84625000000000006        5.1557792765104021E-004
  0.84750000000000003        5.1557792765104021E-004
  0.84875000000000000        5.1557792765104021E-004
  0.84999999999999998        5.1557792765104021E-004
  0.85125000000000006        5.1557792765104021E-004
  0.85250000000000004        5.1557792765104021E-004
  0.85375000000000001        5.1557792765104021E-004
  0.85499999999999998        5.1557792765104021E-004
  0.85625000000000007        5.1557792765104021E-004
  0.85750000000000004        5.1557792765104021E-004
  0.85875000000000001        5.1557792765104021E-004
  0.85999999999999999        5.1557792765104021E-004
  0.86125000000000007        5.1557792765104021E-004
  0.86250000000000004        5.1557792765104021E-004
  0.86375000000000002        5.1557792765104021E-004
  0.86499999999999999        5.1557792765104021E-004
  0.86624999999999996        5.1557792765104021E-004
  0.86750000000000005        5.1557792765104021E-004
  0.86875000000000002        5.1557792765104021E-004
  0.87000000000000000        5.1557792765104021E-004
  0.87124999999999997        5.1557792765104021E-004
  0.87250000000000005        5.1557792765104021E-004
  0.87375000000000003        5.1557792765104021E-004
  0.87500000000000000        5.1557792765104021E-004
  0.87624999999999997        5.1557792765104021E-004
  0.87750000000000006        5.1557792765104021E-004
  0.87875000000000003        5.1557792765104021E-004
  0.88000000000000000        5.1557792765104021E-004
  0.88124999999999998        5.1557792765104021E-004
  0.88250000000000006        5.1557792765104021E-004
  0.88375000000000004        5.1557792765104021E-004
  0.88500000000000001        5.1557792765104021E-004
  0.88624999999999998        5.1557792765104021E-004
  0.88750000000000007        5.1557792765104021E-004
  0.88875000000000004        5.1557792765104021E-004
  0.89000000000000001        5.1557792765104021E-004
  0.89124999999999999        5.1557792765104021E-004
  0.89250000000000007        5.1557792765104021E-004
  0.89375000000000004        5.1557792765104021E-004
  0.89500000000000002        5.1557792765104021E-004
  0.89624999999999999        5.1557792765104021E-004
  0.89749999999999996        5.1557792765104021E-004
  0.89875000000000005        5.1557792765104021E-004
  0.90000000000000002        5.1557792765104021E-004
  0.90125000000000000        5.1557792765104021E-004
  0.90249999999999997        5.1557792765104021E-004
  0.90375000000000005        5.1557792765104021E-004
  0.90500000000000003        5.1557792765104021E-004
  0.90625000000000000        5.1557792765104021E-004
  0.90749999999999997        5.1557792765104021E-004
  0.90875000000000006        5.1557792765104021E-004
  0.91000000000000003        5.1557792765104021E-004
  0.91125000000000000        5.1557792765104021E-004
  0.91249999999999998        5.1557792765104021E-004
  0.91375000000000006        5.1557792765104021E-004
  0.91500000000000004        5.1557792765104021E-004
  0.91625000000000001        5.1557792765104021E-004
  0.91749999999999998        5.1557792765104021E-004
  0.91875000000000007        5.1557792765104021E-004
  0.92000000000000004        5.1557792765104021E-004
  0.92125000000000001        5.1557792765104021E-004
  0.92249999999999999        5.1557792765104021E-004
  0.92375000000000007        5.1557792765104021E-004
  0.92500000000000004        5.1557792765104021E-004
  0.92625000000000002        5.1557792765104021E-004
  0.92749999999999999        5.1557792765104021E-004
  0.92874999999999996        5.1557792765104021E-004
  0.93000000000000005        5.1557792765104021E-004
  0.93125000000000002        5.1557792765104021E-004
  0.93250000000000000        5.1557792765104021E-004
  0.93374999999999997        5.1557792765104021E-004
  0.93500000000000005        5.1557792765104021E-004
  0.93625000000000003        5.1557792765104021E-004
  0.93750000000000000        5.1557792765104021E-004
  0.93874999999999997        5.1557792765104021E-004
  0.94000000000000006        5.1557792765104021E-004
  0.94125000000000003        5.1557792765104021E-004
  0.94250000000000000        5.1557792765104021E-004
  0.94374999999999998        5.1557792765104021E-004
  0.94500000000000006        5.1557792765104021E-004
  0.94625000000000004        5.1557792765104021E-004
  0.94750000000000001        5.1557792765104021E-004
  0.94874999999999998        5.1557792765104021E-004
  0.95000000000000007        5.1557792765104021E-004
  0.95125000000000004        5.1557792765104021E-004
  0.95250000000000001        5.1557792765104021E-004
  0.95374999999999999        5.1557792765104021E-004
  0.95500000000000007        5.1557792765104021E-004
  0.95625000000000004        5.1557792765104021E-004
  0.95750000000000002        5.1557792765104021E-004
  0.95874999999999999        5.1557792765104021E-004
  0.95999999999999996        5.1557792765104021E-004
  0.96125000000000005        5.1557792765104021E-004
  0.96250000000000002        5.1557792765104021E-004
  0.96375000000000000        5.1557792765104021E-004
  0.96499999999999997        5.1557792765104021E-004
  0.96625000000000005        5.1557792765104021E-004
  0.96750000000000003        5.1557792765104021E-004
  0.96875000000000000        5.1557792765104021E-004
  0.96999999999999997        5.1557792765104021E-004
  0.97125000000000006        5.1557792765104021E-004
  0.97250000000000003        5.1557792765104021E-004
  0.97375000000000000        5.1557792765104021E-004
  0.97499999999999998        5.1557792765104021E-004
  0.97625000000000006        5.1557792765104021E-004
  0.97750000000000004        5.1557792765104021E-004
  0.97875000000000001        5.1557792765104021E-004
  0.97999999999999998        5.1557792765104021E-004
  0.98125000000000007        5.1557792765104021E-004
  0.98250000000000004        5.1557792765104021E-004
  0.98375000000000001        5.1557792765104021E-004
  0.98499999999999999        5.1557792765104021E-004
  0.98625000000000007        5.1557792765104021E-004
  0.98750000000000004        5.1557792765104021E-004
  0.98875000000000002        5.1557792765104021E-004
  0.98999999999999999        5.1557792765104021E-004
  0.99125000000000008        5.1557792765104021E-004
  0.99250000000000005        5.1557792765104021E-004
  0.99375000000000002        5.1557792765104021E-004
  0.99500000000000000        5.1557792765104021E-004
  0.99624999999999997        5.1557792765104021E-004
  0.99750000000000005        5.1557792765104021E-004
  0.99875000000000003        5.1557792765104021E-004
   1.0000000000000000        5.1557792765104021E-004
