         301
   2.2880013505758576      -0.23469695975148611     
   2.2817343168320314      -0.23277246713249988     
   2.2767382352772310      -0.23123903411951593     
   2.2701899634447495      -0.22923256168907283     
   2.2620206366074762      -0.22673347763205060     
   2.2522370780482497      -0.22375020800102410     
   2.2408997264416040      -0.22030914828795120     
   2.2280813802073784      -0.21643645126703795     
   2.2138545172114639      -0.21216131957957304     
   2.1982890462835902      -0.20750806051227394     
   2.1814565614640022      -0.20249961669529035     
   2.1634286567929442      -0.19715893075877222     
   2.1442743572745004      -0.19150404997829812     
   2.1240597983226439      -0.18555117614195807     
   2.1028555298750002      -0.17931851680230423     
   2.0807246374784598      -0.17282195319347926     
   2.0577285214694006      -0.16607873120619335     
   2.0339314717743080      -0.15910794221864519     
   2.0093884684414460      -0.15192924088073295     
   1.9841587457657555      -0.14456581254035814     
   1.9582959191389333      -0.13703562663690377     
   1.9318511173572930      -0.12936564193402689     
   1.9048727399040122      -0.12157944677435464     
   1.8774099098109418      -0.11370841444519411     
   1.8495041254422264      -0.10578311684898413     
   1.8211972881567362       -9.7844960699926042E-002
   1.7925231938147139       -8.9939126127976721E-002
   1.7635198925230777       -8.2114323961096636E-002
   1.7342178097210408       -7.4418463642377780E-002
   1.7046527470333079       -6.6892310778126837E-002
   1.6748597825359111       -5.9568846029970368E-002
   1.6448740721410777       -5.2465640447148396E-002
   1.6147329378024717       -4.5594325621709592E-002
   1.5844766689000609       -3.8952969020804667E-002
   1.5541392948026749       -3.2540521937230865E-002
   1.5237568506436052       -2.6351521140135309E-002
   1.4933650510021963       -2.0383553265747700E-002
   1.4629923063440324       -1.4630353698346754E-002
   1.4326697564478355       -9.0890282432409542E-003
   1.4024254912252421       -3.7563621517917034E-003
   1.3722862359313230        1.3725445351547572E-003
   1.3422787158211484        6.3025917767522976E-003
   1.3124250813491649        1.1039160363075506E-002
   1.2827488476263864        1.5585945873684309E-002
   1.2532691152401767        1.9948649652600875E-002
   1.2240080346449818        2.4132652489899986E-002
   1.1949843858742186        2.8140605862521220E-002
   1.1662128549916009        3.1980216878949100E-002
   1.1377108573739771        3.5655822226638184E-002
   1.1094958083981963        3.9171758593043102E-002
   1.0815773384964273        4.2531639116945422E-002
   1.0539716586659249        4.5743010629856168E-002
   1.0266896037184521        4.8806276126500653E-002
  0.99974128491709857        5.1729623546284548E-002
  0.97313922228414196        5.4514820540500830E-002
  0.94689015666164178        5.7167325735420008E-002
  0.92100187299427849        5.9687862679714807E-002
  0.89548432226816821        6.2083094379249568E-002
  0.87034223956090850        6.4354064936644514E-002
  0.84558389064810036        6.6506072701196337E-002
  0.82121232539682665        6.8538797118957620E-002
  0.79723275971560548        7.0457857093172496E-002
  0.77365161389254988        7.2265661383028743E-002
  0.75046752327109201        7.3963895199041327E-002
  0.72768843307288544        7.5554807023424445E-002
  0.70531329919531049        7.7043131933775502E-002
  0.68334501122847557        7.8427024442605991E-002
  0.66178589549079059        7.9713948940648510E-002
  0.64063579170528195        8.0902380494361825E-002
  0.61989502042589684        8.1995368970828555E-002
  0.59956542714012395        8.2995803960157516E-002
  0.57964412225785455        8.3905530949837381E-002
  0.56013295126657703        8.4727439529977022E-002
  0.54102902457618285        8.5463375188065113E-002
  0.52233266274061907        8.6116387791184246E-002
  0.50404065561582978        8.6685272959740420E-002
  0.48615364430970931        8.7176130427898846E-002
  0.46866705402163406        8.7589441026580589E-002
  0.45157799516149516        8.7927050243274213E-002
  0.43488510307272504        8.8190643288494852E-002
  0.41858564844218832        8.8383590583272276E-002
  0.40267642112582891        8.8504687748012748E-002
  0.38715469181051160        8.8557305203746037E-002
  0.37201604597258614        8.8543448714934636E-002
  0.35725590881142888        8.8463599112499486E-002
  0.34287155101390443        8.8321126817470619E-002
  0.32885992271293024        8.8116352383795338E-002
  0.31521508445131496        8.7851441852909745E-002
  0.30193535101854352        8.7525030568246176E-002
  0.28901357857783072        8.7142494715296975E-002
  0.27644655698512005        8.6702629914468227E-002
  0.26422971143978807        8.6205916996680940E-002
  0.25235830686423677        8.5651311859314974E-002
  0.24082808901179004        8.5042345200373889E-002
  0.22963448308182383        8.4379497850778792E-002
  0.21877259371976698        8.3660200774368171E-002
  0.20823664174540168        8.2888144946119305E-002
  0.19802357729164546        8.2063650919979622E-002
  0.18812714034735945        8.1185834870302551E-002
  0.17854155173232591        8.0258387772065426E-002
  0.16926344102551485        7.9278580312133071E-002
  0.16028839370327622        7.8248418254967783E-002
  0.15161031003144473        7.7168542708464377E-002
  0.14322445493242292        7.6037909570002588E-002
  0.13512609332861328        7.4855474736962191E-002
  0.12731217535293324        7.3621558763290573E-002
  0.11977523661465007        7.2338487967397488E-002
  0.11251174641576010        7.1002008102606401E-002
  0.10551745050958687        6.9615649866920981E-002
   9.8788978475100500E-002   6.8176683947206024E-002
   9.2320070301162058E-002   6.6684226517814998E-002
   8.6107836397662771E-002   6.5140123066236580E-002
   8.0149066620546341E-002   6.3543169212876838E-002
   7.4438865615241531E-002   6.1890795921574274E-002
   6.8974504068613163E-002   6.0186373613358823E-002
   6.3750926349116332E-002   5.8425808318527714E-002
   5.8766928077157110E-002   5.6612310181137195E-002
   5.4019299108679288E-002   5.4744674821593349E-002
   4.9503624920032664E-002   5.2824908004358538E-002
   4.5219745234243568E-002   5.0851484795891466E-002
   4.1163405804635504E-002   4.8827935894195769E-002
   3.7331717041099617E-002   4.6756106786760093E-002
   3.3723314287068304E-002   4.4637682684099414E-002
   3.0334103572838781E-002   4.2477719217758655E-002
   2.7162880518817135E-002   4.0279426531794067E-002
   2.4203865944785612E-002   3.8046495601182950E-002
   2.1454971645503772E-002   3.5788396581120388E-002
   1.8908733230238887E-002   3.3507455790016107E-002
   1.6558647970100350E-002   3.1215149147527523E-002
   1.4398936684870410E-002   2.8915167628631937E-002
   1.2421251158169805E-002   2.6616097562877909E-002
   1.0617243173619274E-002   2.4326525279813972E-002
   8.9765587503772074E-003   2.2050622585338502E-002
   7.4922143286319451E-003   1.9795290598485074E-002
   6.1536956505681929E-003   1.7563176191610779E-002
   4.9552235359681916E-003   1.5357970339692936E-002
   3.8876483835842434E-003   1.3180634704573669E-002
   2.9482408802811600E-003   1.1034539707282921E-002
   2.1322659484614022E-003   8.9186412452004673E-003
   1.4348282335537471E-003   6.8303702821648103E-003
   8.6082309012941829E-004   4.7722958543374491E-003
   4.0992996424104059E-004   2.7413680946358179E-003
   8.6883933486150942E-005   7.3863110568013924E-004
   0.0000000000000000        0.0000000000000000     
  -1.0357992453771421E-004  -1.2348710099093678E-003
  -1.5504132171804771E-004  -3.1767294929448868E-003
  -6.7339981081161976E-005  -5.0854194098851353E-003
   1.6337534932394651E-004  -6.9536366469710722E-003
   5.3421507938839960E-004  -8.7795357167140403E-003
   1.0392397519207524E-003  -1.0560950577678009E-002
   1.6679351091057114E-003  -1.2295234357505876E-002
   2.4125162062631736E-003  -1.3983110604870492E-002
   3.2618276776830955E-003  -1.5628032181579890E-002
   4.2080845786853765E-003  -1.7230722636306924E-002
   5.2457504468040386E-003  -1.8799850739378215E-002
   6.3670403373589811E-003  -2.0336140039466617E-002
   7.5694676549667959E-003  -2.1848579860846144E-002
   8.8510266351651407E-003  -2.3341584727166954E-002
   1.0211236447032946E-002  -2.4819729439052893E-002
   1.1647931049134181E-002  -2.6288953453695404E-002
   1.3165204411171635E-002  -2.7754312402639404E-002
   1.4762735979197932E-002  -2.9218856152967463E-002
   1.6444619722915853E-002  -3.0687640336224484E-002
   1.8211899744945630E-002  -3.2165400030008007E-002
   2.0070515502478695E-002  -3.3654301275754063E-002
   2.2021671375108964E-002  -3.5157554217518906E-002
   2.4072671476595475E-002  -3.6679010107253551E-002
   2.6224559909558451E-002  -3.8223404022555516E-002
   2.8484961341704307E-002  -3.9791537348293243E-002
   3.0855240429600625E-002  -4.1385095294981709E-002
   3.3342541010032770E-002  -4.3009454048113210E-002
   3.5951277606650900E-002  -4.4666619372150065E-002
   3.8686025020078868E-002  -4.6357072098013367E-002
   4.1552562430534429E-002  -4.8084503200680410E-002
   4.4556989572182730E-002  -4.9849553788045946E-002
   4.7703560691700210E-002  -5.1655754558113616E-002
   5.0998375523252024E-002  -5.3503746618778165E-002
   5.4447213247055939E-002  -5.5397220945016902E-002
   5.8054969217683147E-002  -5.7333608500668327E-002
   6.1827262338377750E-002  -5.9318125194251045E-002
   6.5772037830793523E-002  -6.1348522543550915E-002
   6.9893870495554303E-002  -6.3425281379489024E-002
   7.4198699789851552E-002  -6.5550567743501376E-002
   7.8694310658365407E-002  -6.7723658086915134E-002
   8.3386963112234605E-002  -6.9943668584083782E-002
   8.8281392229056732E-002  -7.2209555132387096E-002
   9.3386907887053172E-002  -7.4520754460125890E-002
   9.8708245163821470E-002  -7.6876222464679983E-002
  0.10425182434747411       -7.9273550386861527E-002
  0.11002527010571753       -8.1713539611538960E-002
  0.11603516300363791       -8.4192256445983216E-002
  0.12228776305237406       -8.6708817064547736E-002
  0.12878796560649722       -8.9260652431071036E-002
  0.13554492026725512       -9.1848724207395205E-002
  0.14256183717870394       -9.4471828013926340E-002
  0.14984682183947123       -9.7126190434909082E-002
  0.15740581370674833       -9.9813977511779423E-002
  0.16524386841208030      -0.10253109527483456     
  0.17336676513568480      -0.10528123469905186     
  0.18177955950910674      -0.10806030181472848     
  0.19048851154348495      -0.11086741279621792     
  0.19949956069601091      -0.11370473368495623     
  0.20881591711074088      -0.11657106010134949     
  0.21844721121984353      -0.11946277890661593     
  0.22839480767988654      -0.12238157531127056     
  0.23866833692303863      -0.12532383617653167     
  0.24926932388284115      -0.12828972177937292     
  0.26020587405792150      -0.13127545870403892     
  0.27148272252587718      -0.13428000284790942     
  0.28310492491825329      -0.13729926024128167     
  0.29507906180013577      -0.14032929719142656     
  0.30741002852609606      -0.14336754466218254     
  0.32010304100465264      -0.14640838375030563     
  0.33316299459037674      -0.14944924541963428     
  0.34659494491481341      -0.15248603570046568     
  0.36040394760950734      -0.15551466062309705     
  0.37459537885995092      -0.15852797635074306     
  0.38917228853322677      -0.16152630343735108     
  0.40414021309180082      -0.16450097311259446     
  0.41950067746921443      -0.16745214565344690     
  0.43526058278450086      -0.17037283750009677     
  0.45142193480212289      -0.17325863412889381     
  0.46798657900956886      -0.17610664594972925     
  0.48495973131535752      -0.17891125405935898     
  0.50234323720697749      -0.18166956886767410     
  0.52014110821335358      -0.18437276132737426     
  0.53835366488843295      -0.18701778157137700     
  0.55698339382759909      -0.18959564027540821     
  0.57603214051834062      -0.19210344784935907     
  0.59550086662249968      -0.19453205469198187     
  0.61539205873545999      -0.19687247147900258     
  0.63570451247762716      -0.19912148806636493     
  0.65643782485427604      -0.20126826964230626     
  0.67759416190684241      -0.20330687674963518     
  0.69916975021957106      -0.20522920388972418     
  0.72116523090035667      -0.20702915132840816     
  0.74357835546698514      -0.20869877384403318     
  0.76640519022672726      -0.21023149087151327     
  0.78964316614342178      -0.21162240705627700     
  0.81328834952433948      -0.21286494183323834     
  0.83733496118926243      -0.21395540422741985     
  0.86178195703557059      -0.21488905916122408     
  0.88661882280544846      -0.21566325976229389     
  0.91184082342129880      -0.21627905013324950     
  0.93744201942593008      -0.21673426423265491     
  0.96341310094112087      -0.21702946533220924     
  0.98974580219126995      -0.21716995178120924     
   1.0164311338521033      -0.21715323698427139     
   1.0434593052144785      -0.21698445901371882     
   1.0708191609126856      -0.21666707073135946     
   1.0984997058579882      -0.21620300006546017     
   1.1264897846846764      -0.21559569987782895     
   1.1547733466724686      -0.21485119206643527     
   1.1833393967326284      -0.21397140455954594     
   1.2121715635909278      -0.21296540912221312     
   1.2412537965270847      -0.21183922765240623     
   1.2705697242668714      -0.21060193191517751     
   1.3001016108794905      -0.20926090846506396     
   1.3298310793262520      -0.20782964359076792     
   1.3597370232553290      -0.20631825315996172     
   1.3897993804175162      -0.20474158811791518     
   1.4199951989734985      -0.20311265392240960     
   1.4503040961201221      -0.20144935138579731     
   1.4806980643865282      -0.19976877993556233     
   1.5111518256149916      -0.19809140942021861     
   1.5416397810938405      -0.19644075955536264     
   1.5721317573107785      -0.19483986922566982     
   1.6025984645791576      -0.19331803732695443     
   1.6330086074478654      -0.19190897727868095     
   1.6633292052552753      -0.19064776715688128     
   1.6935222217082162      -0.18957357900729030     
   1.7235513057240315      -0.18872422021907523     
   1.7533764152450872      -0.18814327736162095     
   1.7829537347979940      -0.18786623150568496     
   1.8122379239758215      -0.18792840344505113     
   1.8411785042993163      -0.18835532326436069     
   1.8697257986740932      -0.18916489638054867     
   1.8978266771439594      -0.19036387284483994     
   1.9254233525113191      -0.19194463719869306     
   1.9524603638969877      -0.19389210959283390     
   1.9788823282579748      -0.19617580056560180     
   2.0046314537921033      -0.19875880036722365     
   2.0296478604919552      -0.20159472909273113     
   2.0538751990481154      -0.20463295259047962     
   2.0772566393202494      -0.20782741150944817     
   2.0997300528187250      -0.21112378072301485     
   2.1212370844696649      -0.21447584060318506     
   2.1417161690551367      -0.21783857590155817     
   2.1611038958697177      -0.22116986095984237     
   2.1793353292744460      -0.22442740984277232     
   2.1963447322454903      -0.22757656128278889     
   2.2120636384458838      -0.23057928359130317     
   2.2264249461952264      -0.23339923029024104     
   2.2393564981815759      -0.23600414887123145     
   2.2507881428574508      -0.23835737230225293     
   2.2606504522240409      -0.24043001849596421     
   2.2688819435041925      -0.24219095688280989     
   2.2754767550769093      -0.24362261180896741     
   2.2805070396495530      -0.24472794149157623     
   2.2868000746580694      -0.24612633664340233     
   2.2880013505758576      -0.23469695975148611     
