  -1.0000000000000000        1.4450968742539099     
 -0.97999999999999998        1.4450968742539099     
 -0.95999999999999996        1.4450968742539099     
 -0.93999999999999995        1.4450968742539099     
 -0.92000000000000004        1.4450968742539099     
 -0.90000000000000002        1.4450968742539099     
 -0.88000000000000000        1.4450968742539099     
 -0.85999999999999999        1.4450968742539099     
 -0.83999999999999997        1.4450968742539099     
 -0.82000000000000006        1.4450968742539099     
 -0.80000000000000004        1.4450968742539099     
 -0.78000000000000003        1.4450968742539099     
 -0.76000000000000001        1.4450968742539099     
 -0.73999999999999999        1.4450968742539099     
 -0.71999999999999997        1.4450968742539099     
 -0.69999999999999996        1.4450968742539099     
 -0.67999999999999994        1.4450968742539099     
 -0.65999999999999992        1.4450968742539099     
 -0.64000000000000001        1.4450968742539099     
 -0.62000000000000000        1.4450968742539099     
 -0.59999999999999998        1.4450968742539099     
 -0.58000000000000007        1.4450968742539099     
 -0.56000000000000005        1.4450968742539099     
 -0.54000000000000004        1.4450968742539099     
 -0.52000000000000002        1.4450968742539099     
 -0.50000000000000000        1.4450968742539099     
 -0.47999999999999998        1.4450968742539099     
 -0.45999999999999996        1.4450968742539099     
 -0.43999999999999995        1.4450968742539099     
 -0.42000000000000004        1.4450968742539099     
 -0.40000000000000002        1.4450968742539099     
 -0.38000000000000000        1.4450968742539099     
 -0.35999999999999999        1.4450968742539099     
 -0.33999999999999997        1.4615686240148422     
 -0.31999999999999995        1.4841426909305262     
 -0.29999999999999993        1.5074877765688373     
 -0.28000000000000003        1.5316616319182588     
 -0.26000000000000001        1.5567294847145541     
 -0.23999999999999999        1.5827654673574671     
 -0.21999999999999997        1.6098544154642578     
 -0.19999999999999996        1.6380941618032014     
 -0.17999999999999994        1.6675985031999889     
 -0.16000000000000003        1.6985010985017117     
 -0.14000000000000001        1.7309606814366993     
 -0.12000000000000000        1.7651681744220289     
  -9.9999999999999978E-002   1.8013566254156275     
  -7.9999999999999960E-002   1.8398154699769385     
  -5.9999999999999942E-002   1.8809116673839987     
  -4.0000000000000036E-002   1.9251222501551741     
  -2.0000000000000018E-002   1.9730868591420341     
   0.0000000000000000        2.0256976703552696     
   2.0000000000000018E-002   5.1365044776405044     
   4.0000000000000036E-002   5.1750187216152188     
   6.0000000000000053E-002   5.2116505985907375     
   8.0000000000000071E-002   5.2466987319128435     
  0.10000000000000009        5.2803923843121305     
  0.12000000000000011        5.3129117627124671     
  0.14000000000000012        5.3444013139534929     
  0.15999999999999992        5.3749787509884914     
  0.17999999999999994        5.4047413689232382     
  0.19999999999999996        5.4337705799745537     
  0.21999999999999997        5.4621352426964043     
  0.23999999999999999        5.4898941537633430     
  0.26000000000000001        5.5170979449296320     
  0.28000000000000003        5.5437905490670838     
  0.30000000000000004        5.5700103484976609     
  0.32000000000000006        5.5957910853885631     
  0.34000000000000008        5.6211625914172263     
  0.36000000000000010        5.6461513783955066     
  0.38000000000000012        5.6707811206771801     
  0.40000000000000013        5.6815543515431903     
  0.41999999999999993        5.6815543515431903     
  0.43999999999999995        5.6815543515431903     
  0.45999999999999996        5.6815543515431903     
  0.47999999999999998        5.6815543515431903     
  0.50000000000000000        5.6815543515431903     
  0.52000000000000002        5.6815543515431903     
  0.54000000000000004        5.6815543515431903     
  0.56000000000000005        5.6815543515431903     
  0.58000000000000007        5.6815543515431903     
  0.60000000000000009        5.6815543515431903     
  0.62000000000000011        5.6815543515431903     
  0.64000000000000012        5.6815543515431903     
  0.66000000000000014        5.6815543515431903     
  0.67999999999999994        5.6815543515431903     
  0.69999999999999996        5.6815543515431903     
  0.71999999999999997        5.6815543515431903     
  0.73999999999999999        5.6815543515431903     
  0.76000000000000001        5.6815543515431903     
  0.78000000000000003        5.6815543515431903     
  0.80000000000000004        5.6815543515431903     
  0.82000000000000006        5.6815543515431903     
  0.84000000000000008        5.6815543515431903     
  0.86000000000000010        5.6815543515431903     
  0.88000000000000012        5.6815543515431903     
  0.90000000000000013        5.6815543515431903     
  0.91999999999999993        5.6815543515431903     
  0.93999999999999995        5.6815543515431903     
  0.95999999999999996        5.6815543515431903     
  0.97999999999999998        5.6815543515431903     
   1.0000000000000000        5.6815543515431903     
