  -1.0000000000000000        0.0000000000000000     
 -0.97999999999999998        4.4064502218006674E-004
 -0.95999999999999996        9.1163086398475535E-004
 -0.93999999999999995        1.3630916569895984E-003
 -0.92000000000000004        1.7998248519545540E-003
 -0.90000000000000002        2.2318705364999109E-003
 -0.88000000000000000        2.6690401219048171E-003
 -0.85999999999999999        3.1199167827809238E-003
 -0.83999999999999997        3.5917920860319558E-003
 -0.82000000000000006        4.0908464210690915E-003
 -0.80000000000000004        4.6223710600056950E-003
 -0.78000000000000003        5.1909720938680542E-003
 -0.76000000000000001        5.8007428549376877E-003
 -0.73999999999999999        6.4554060589471912E-003
 -0.71999999999999997        7.1584308416347414E-003
 -0.69999999999999996        7.9131303223434063E-003
 -0.67999999999999994        8.7227447619978860E-003
 -0.65999999999999992        9.5905146172476780E-003
 -0.64000000000000001        1.0519747088503104E-002
 -0.62000000000000000        1.1513879188700421E-002
 -0.59999999999999998        1.2576539931708389E-002
 -0.58000000000000007        1.3711613945986495E-002
 -0.56000000000000005        1.4923308648639319E-002
 -0.54000000000000004        1.6216227056907603E-002
 -0.52000000000000002        1.7595448360573349E-002
 -0.50000000000000000        1.9066618524699569E-002
 -0.47999999999999998        2.0636053434855126E-002
 -0.45999999999999996        2.2310857435095935E-002
 -0.43999999999999995        2.4099060540640857E-002
 -0.42000000000000004        2.6009778127062788E-002
 -0.40000000000000002        2.8053397491908216E-002
 -0.38000000000000000        3.0241796321548720E-002
 -0.35999999999999999        3.2588598712326333E-002
 -0.33999999999999997        3.3971970485412090E-002
 -0.31999999999999995        3.5126356099863976E-002
 -0.29999999999999993        3.6440857910126731E-002
 -0.28000000000000003        3.7935652054858618E-002
 -0.26000000000000001        3.9634190691302376E-002
 -0.23999999999999999        4.1563676208386330E-002
 -0.21999999999999997        4.3755534493499074E-002
 -0.19999999999999996        4.6245827518133692E-002
 -0.17999999999999994        4.9075498252876493E-002
 -0.16000000000000003        5.2290266297678092E-002
 -0.14000000000000001        5.5939879603987802E-002
 -0.12000000000000000        6.0076266079577792E-002
  -9.9999999999999978E-002   6.4749917384905278E-002
  -7.9999999999999960E-002   7.0003600967411622E-002
  -5.9999999999999942E-002   7.5862317154072711E-002
  -4.0000000000000036E-002   8.2318469349137613E-002
  -2.0000000000000018E-002   8.9311756525307817E-002
   0.0000000000000000        9.6704501309177515E-002
   2.0000000000000018E-002 -0.10450510818197914     
   4.0000000000000036E-002  -9.5227269324355213E-002
   6.0000000000000053E-002  -8.5791319608889416E-002
   8.0000000000000071E-002  -7.6552760493689809E-002
  0.10000000000000009       -6.7844351178420303E-002
  0.12000000000000011       -5.9926542062421151E-002
  0.14000000000000012       -5.2955931490641484E-002
  0.15999999999999992       -4.6981622269819612E-002
  0.17999999999999994       -4.1965736578583657E-002
  0.19999999999999996       -3.7815428376567262E-002
  0.21999999999999997       -3.4413648223575510E-002
  0.23999999999999999       -3.1641502693646628E-002
  0.26000000000000001       -2.9390968679585405E-002
  0.28000000000000003       -2.7570077104610180E-002
  0.30000000000000004       -2.6103483019465745E-002
  0.32000000000000006       -2.4930786877127853E-002
  0.34000000000000008       -2.4004091371955305E-002
  0.36000000000000010       -2.3285559004288581E-002
  0.38000000000000012       -2.2745284377373831E-002
  0.40000000000000013       -2.1436406510242478E-002
  0.41999999999999993       -1.9549273691165825E-002
  0.43999999999999995       -1.7803256118478050E-002
  0.45999999999999996       -1.6185103379804000E-002
  0.47999999999999998       -1.4683960378878091E-002
  0.50000000000000000       -1.3290856890800284E-002
  0.52000000000000002       -1.1998304686014760E-002
  0.54000000000000004       -1.0799976264372957E-002
  0.56000000000000005       -9.6904459737489068E-003
  0.58000000000000007       -8.6649794082317433E-003
  0.60000000000000009       -7.7193608280818338E-003
  0.62000000000000011       -6.8497512130272775E-003
  0.64000000000000012       -6.0525716806950625E-003
  0.66000000000000014       -5.3244085385714679E-003
  0.67999999999999994       -4.6619373049300306E-003
  0.69999999999999996       -4.0618637057781570E-003
  0.71999999999999997       -3.5208799735008678E-003
  0.73999999999999999       -3.0356347524856386E-003
  0.76000000000000001       -2.6027145393542894E-003
  0.78000000000000003       -2.2186337868875805E-003
  0.80000000000000004       -1.8798294457372799E-003
  0.82000000000000006       -1.5826535535070074E-003
  0.84000000000000008       -1.3233540629319918E-003
  0.86000000000000010       -1.0980286815270301E-003
  0.88000000000000012       -9.0252784763217297E-004
  0.90000000000000013       -7.3226912103480091E-004
  0.91999999999999993       -5.8190309114503069E-004
  0.93999999999999995       -4.4473545330975250E-004
  0.95999999999999996       -3.1175328641130928E-004
  0.97999999999999998       -1.7001290705442873E-004
   1.0000000000000000        0.0000000000000000     
