  -1.0000000000000000       -4.7550463857473663E-002
 -0.97999999999999998       -4.7550463857473663E-002
 -0.95999999999999996       -4.7550463857473663E-002
 -0.93999999999999995       -4.7550463857473663E-002
 -0.92000000000000004       -4.7550463857473663E-002
 -0.90000000000000002       -4.7550463857473663E-002
 -0.88000000000000000       -4.7550463857473663E-002
 -0.85999999999999999       -4.7550463857473663E-002
 -0.83999999999999997       -4.7550463857473663E-002
 -0.82000000000000006       -4.7550463857473663E-002
 -0.80000000000000004       -4.7550463857473663E-002
 -0.78000000000000003       -4.7550463857473663E-002
 -0.76000000000000001       -4.7550463857473663E-002
 -0.73999999999999999       -4.7550463857473663E-002
 -0.71999999999999997       -4.7550463857473663E-002
 -0.69999999999999996       -4.7550463857473663E-002
 -0.67999999999999994       -4.7550463857473663E-002
 -0.65999999999999992       -4.7550463857473663E-002
 -0.64000000000000001       -4.7550463857473663E-002
 -0.62000000000000000       -4.7550463857473663E-002
 -0.59999999999999998       -4.7550463857473663E-002
 -0.58000000000000007       -4.7550463857473663E-002
 -0.56000000000000005       -4.7550463857473663E-002
 -0.54000000000000004       -4.7550463857473663E-002
 -0.52000000000000002       -4.7550463857473663E-002
 -0.50000000000000000       -4.7550463857473663E-002
 -0.47999999999999998       -4.7550463857473663E-002
 -0.45999999999999996       -4.7550463857473663E-002
 -0.43999999999999995       -4.7550463857473663E-002
 -0.42000000000000004       -4.7550463857473663E-002
 -0.40000000000000002       -4.7550463857473663E-002
 -0.38000000000000000       -4.7550463857473663E-002
 -0.35999999999999999       -4.7550463857473663E-002
 -0.33999999999999997       -4.7629514042854704E-002
 -0.31999999999999995       -4.7732366623794577E-002
 -0.29999999999999993       -4.7832262645655363E-002
 -0.28000000000000003       -4.7929008279567586E-002
 -0.26000000000000001       -4.8022389852129574E-002
 -0.23999999999999999       -4.8112170534295819E-002
 -0.21999999999999997       -4.8198086239498311E-002
 -0.19999999999999996       -4.8279840479579429E-002
 -0.17999999999999994       -4.8357097824935490E-002
 -0.16000000000000003       -4.8429475461323104E-002
 -0.14000000000000001       -4.8496532097894972E-002
 -0.12000000000000000       -4.8557753102748603E-002
  -9.9999999999999978E-002  -4.8612530120709520E-002
  -7.9999999999999960E-002  -4.8660132367452022E-002
  -5.9999999999999942E-002  -4.8699664902629974E-002
  -4.0000000000000036E-002  -4.8730005630717846E-002
  -2.0000000000000018E-002  -4.8749705666308540E-002
   0.0000000000000000       -4.8756822320289488E-002
   2.0000000000000018E-002  -4.8751310150707432E-002
   4.0000000000000036E-002  -4.8735581326380222E-002
   6.0000000000000053E-002  -4.8710611854545005E-002
   8.0000000000000071E-002  -4.8677146042974087E-002
  0.10000000000000009       -4.8635768224978539E-002
  0.12000000000000011       -4.8586948238826110E-002
  0.14000000000000012       -4.8531071536245307E-002
  0.15999999999999992       -4.8468459833446872E-002
  0.17999999999999994       -4.8399385701018073E-002
  0.19999999999999996       -4.8324083133946948E-002
  0.21999999999999997       -4.8242755376554029E-002
  0.23999999999999999       -4.8155580824987894E-002
  0.26000000000000001       -4.8062717553479316E-002
  0.28000000000000003       -4.7964306836141661E-002
  0.30000000000000004       -4.7860475922983460E-002
  0.32000000000000006       -4.7751340253661817E-002
  0.34000000000000008       -4.7637005241475003E-002
  0.36000000000000010       -4.7517567724770629E-002
  0.38000000000000012       -4.7393117158060376E-002
  0.40000000000000013       -4.7336554879121327E-002
  0.41999999999999993       -4.7336554879121327E-002
  0.43999999999999995       -4.7336554879121327E-002
  0.45999999999999996       -4.7336554879121327E-002
  0.47999999999999998       -4.7336554879121327E-002
  0.50000000000000000       -4.7336554879121327E-002
  0.52000000000000002       -4.7336554879121327E-002
  0.54000000000000004       -4.7336554879121327E-002
  0.56000000000000005       -4.7336554879121327E-002
  0.58000000000000007       -4.7336554879121327E-002
  0.60000000000000009       -4.7336554879121327E-002
  0.62000000000000011       -4.7336554879121327E-002
  0.64000000000000012       -4.7336554879121327E-002
  0.66000000000000014       -4.7336554879121327E-002
  0.67999999999999994       -4.7336554879121327E-002
  0.69999999999999996       -4.7336554879121327E-002
  0.71999999999999997       -4.7336554879121327E-002
  0.73999999999999999       -4.7336554879121327E-002
  0.76000000000000001       -4.7336554879121327E-002
  0.78000000000000003       -4.7336554879121327E-002
  0.80000000000000004       -4.7336554879121327E-002
  0.82000000000000006       -4.7336554879121327E-002
  0.84000000000000008       -4.7336554879121327E-002
  0.86000000000000010       -4.7336554879121327E-002
  0.88000000000000012       -4.7336554879121327E-002
  0.90000000000000013       -4.7336554879121327E-002
  0.91999999999999993       -4.7336554879121327E-002
  0.93999999999999995       -4.7336554879121327E-002
  0.95999999999999996       -4.7336554879121327E-002
  0.97999999999999998       -4.7336554879121327E-002
   1.0000000000000000       -4.7336554879121327E-002
