  -1.0000000000000000       0.10000000000000001     
 -0.97999999999999998       0.10000000000000001     
 -0.95999999999999996       0.10000000000000001     
 -0.93999999999999995       0.10000000000000001     
 -0.92000000000000004       0.10000000000000001     
 -0.90000000000000002       0.10000000000000001     
 -0.88000000000000000       0.10000000000000001     
 -0.85999999999999999       0.10000000000000001     
 -0.83999999999999997       0.10000000000000001     
 -0.82000000000000006       0.10000000000000001     
 -0.80000000000000004       0.10000000000000001     
 -0.78000000000000003       0.10000000000000001     
 -0.76000000000000001       0.10000000000000001     
 -0.73999999999999999       0.10000000000000001     
 -0.71999999999999997       0.10000000000000001     
 -0.69999999999999996       0.10000000000000001     
 -0.67999999999999994       0.10000000000000001     
 -0.65999999999999992       0.10000000000000001     
 -0.64000000000000001       0.10000000000000001     
 -0.62000000000000000       0.10000000000000001     
 -0.59999999999999998       0.10000000000000001     
 -0.58000000000000007       0.10000000000000001     
 -0.56000000000000005       0.10000000000000001     
 -0.54000000000000004       0.10000000000000001     
 -0.52000000000000002       0.10000000000000001     
 -0.50000000000000000       0.10000000000000001     
 -0.47999999999999998       0.10000000000000001     
 -0.45999999999999996       0.10000000000000001     
 -0.43999999999999995       0.10000000000000001     
 -0.42000000000000004       0.10000000000000001     
 -0.40000000000000002       0.10000000000000001     
 -0.38000000000000000       0.10000000000000001     
 -0.35999999999999999       0.10000000000000001     
 -0.33999999999999997       0.10113750438564095     
 -0.31999999999999995       0.10269613464037450     
 -0.29999999999999993       0.10430765527260848     
 -0.28000000000000003       0.10597602232669286     
 -0.26000000000000001       0.10770570401386621     
 -0.23999999999999999       0.10950177852931875     
 -0.21999999999999997       0.11137005725937037     
 -0.19999999999999996       0.11331724192419779     
 -0.17999999999999994       0.11535112782198520     
 -0.16000000000000003       0.11748087085440330     
 -0.14000000000000001       0.11971734462798328     
 -0.12000000000000000       0.12207362777844789     
  -9.9999999999999978E-002  0.12456568468558586     
  -7.9999999999999960E-002  0.12721334248331528     
  -5.9999999999999942E-002  0.13004173897184917     
  -4.0000000000000036E-002  0.13308355239649991     
  -2.0000000000000018E-002  0.13638260032247032     
   0.0000000000000000       0.14000000000000001     
   2.0000000000000018E-002  0.35278514190166699     
   4.0000000000000036E-002  0.35541448795514924     
   6.0000000000000053E-002  0.35791536767589621     
   8.0000000000000071E-002  0.36030816428876422     
  0.10000000000000009       0.36260852636024649     
  0.12000000000000011       0.36482875385622171     
  0.14000000000000012       0.36697870573658209     
  0.15999999999999992       0.36906641609964908     
  0.17999999999999994       0.37109852532413440     
  0.19999999999999996       0.37308058963052987     
  0.21999999999999997       0.37501730833684271     
  0.23999999999999999       0.37691269394910198     
  0.26000000000000001       0.37877020164833519     
  0.28000000000000003       0.38059282936237621     
  0.30000000000000004       0.38238319615083882     
  0.32000000000000006       0.38414360434832717     
  0.34000000000000008       0.38587608937093920     
  0.36000000000000010       0.38758246003181818     
  0.38000000000000012       0.38926433146983608     
  0.40000000000000013       0.39000000000000001     
  0.41999999999999993       0.39000000000000001     
  0.43999999999999995       0.39000000000000001     
  0.45999999999999996       0.39000000000000001     
  0.47999999999999998       0.39000000000000001     
  0.50000000000000000       0.39000000000000001     
  0.52000000000000002       0.39000000000000001     
  0.54000000000000004       0.39000000000000001     
  0.56000000000000005       0.39000000000000001     
  0.58000000000000007       0.39000000000000001     
  0.60000000000000009       0.39000000000000001     
  0.62000000000000011       0.39000000000000001     
  0.64000000000000012       0.39000000000000001     
  0.66000000000000014       0.39000000000000001     
  0.67999999999999994       0.39000000000000001     
  0.69999999999999996       0.39000000000000001     
  0.71999999999999997       0.39000000000000001     
  0.73999999999999999       0.39000000000000001     
  0.76000000000000001       0.39000000000000001     
  0.78000000000000003       0.39000000000000001     
  0.80000000000000004       0.39000000000000001     
  0.82000000000000006       0.39000000000000001     
  0.84000000000000008       0.39000000000000001     
  0.86000000000000010       0.39000000000000001     
  0.88000000000000012       0.39000000000000001     
  0.90000000000000013       0.39000000000000001     
  0.91999999999999993       0.39000000000000001     
  0.93999999999999995       0.39000000000000001     
  0.95999999999999996       0.39000000000000001     
  0.97999999999999998       0.39000000000000001     
   1.0000000000000000       0.39000000000000001     
