           1   1250.0117850574657     
           2   1249.7687948562052     
           3   1249.6514877910531     
           4   1249.4862747680450     
           5   1249.2578687636305     
           6   1248.9479769735983     
           7   1248.5353892208818     
           8   1247.9963409853801     
           9   1247.3051616382579     
          10   1246.4351919475416     
          11   1245.3599111571718     
          12   1244.0541745264848     
          13   1242.4954368800220     
          14   1240.6648335821228     
          15   1238.5480092940152     
          16   1236.1356226770376     
          17   1233.4235029244048     
          18   1230.4124809226032     
          19   1227.1079547783988     
          20   1223.5192710644676     
          21   1219.6590086207648     
          22   1215.5422439484653     
          23   1211.1858609694007     
          24   1206.6079482573823     
          25   1201.8273078581828     
          26   1196.8630840652604     
          27   1191.7345090920187     
          28   1186.4607554448448     
          29   1181.0608812582716     
          30   1175.5538539375741     
          31   1169.9586381932979     
          32   1164.2943361081129     
          33   1158.5803685843298     
          34   1152.8366888695932     
          35   1147.0840194417606     
          36   1141.3441029898181     
          37   1135.6399561830901     
          38   1129.9961109477654     
          39   1124.4388215569129     
          40   1118.9962063905211     
          41   1113.6982800838027     
          42   1108.5768143212977     
          43   1103.6649432499571     
          44   1098.9964021351682     
          45   1094.6042555523200     
          46   1090.5189343602692     
          47   1086.7653588838696     
          48   1083.3588778421442     
          49   1080.2996951880582     
          50   1077.5653852948237     
          51   1075.1010094474511     
          52   1072.8062583904532     
          53   1070.5190109475359     
          54   1067.9948395281037     
          55   1064.8825198488573     
          56   1060.6967993906533     
          57   1054.7918288720759     
          58   1046.3418726761029     
          59   1034.3398531796840     
          60   1017.6278332515453     
          61   994.97453753435673     
          62   965.21039773376822     
          63   927.41752228846076     
          64   881.15018948525449     
          65   826.63636214844564     
          66   764.89454790131833     
          67   697.70777858217855     
          68   627.43422703630142     
          69   556.69062658985899     
          70   487.99250739147743     
          71   423.44764989077089     
          72   364.57050267963047     
          73   312.23485452679733     
          74   266.73776750065207     
          75   227.92682036980520     
          76   195.34485562163704     
          77   168.36108385654401     
          78   146.27371220106201     
          79   128.38127833107936     
          80   114.02634878153908     
          81   102.61711948222998     
          82   93.629581426064377     
          83   86.576342139066583     
          84   80.843603800954057     
          85   74.918659047358375     
          86   64.153896457468704     
          87   38.934014465471492     
          88   7.5740826148012044     
          89  0.67566273768945240     
          90  0.56640612572903459     
          91  0.56622545734573326     
          92  0.56622509164630253     
          93  0.56622509098359375     
          94  0.56622509098214990     
          95  0.56622509098214713     
          96  0.56622509098214713     
          97  0.56622509098214713     
          98  0.56622509098214713     
          99  0.56622509098214713     
         100  0.56622509098214713     
         101  0.56622509098214713     
